# Conveyor Chef - Barrel (low-poly, OBJ format; rename to .obj to open in Blender)
# X = bow, Y = up, Z = port. "#color" lines give each material its colour (r g b, 0-255).
#color wood 170 108 58
#color band 90 62 42
o Barrel
v 0.2210 -0.3000 0.0000
v 0.1788 -0.3000 0.1299
v 0.0683 -0.3000 0.2102
v -0.0683 -0.3000 0.2102
v -0.1788 -0.3000 0.1299
v -0.2210 -0.3000 0.0000
v -0.1788 -0.3000 -0.1299
v -0.0683 -0.3000 -0.2102
v 0.0683 -0.3000 -0.2102
v 0.1788 -0.3000 -0.1299
v 0.2600 -0.1760 0.0000
v 0.2103 -0.1760 0.1528
v 0.0803 -0.1760 0.2473
v -0.0803 -0.1760 0.2473
v -0.2103 -0.1760 0.1528
v -0.2600 -0.1760 0.0000
v -0.2103 -0.1760 -0.1528
v -0.0803 -0.1760 -0.2473
v 0.0803 -0.1760 -0.2473
v 0.2103 -0.1760 -0.1528
v 0.2808 0.0100 0.0000
v 0.2272 0.0100 0.1651
v 0.0868 0.0100 0.2671
v -0.0868 0.0100 0.2671
v -0.2272 0.0100 0.1651
v -0.2808 0.0100 0.0000
v -0.2272 0.0100 -0.1651
v -0.0868 0.0100 -0.2671
v 0.0868 0.0100 -0.2671
v 0.2272 0.0100 -0.1651
v 0.2600 0.1960 0.0000
v 0.2103 0.1960 0.1528
v 0.0803 0.1960 0.2473
v -0.0803 0.1960 0.2473
v -0.2103 0.1960 0.1528
v -0.2600 0.1960 0.0000
v -0.2103 0.1960 -0.1528
v -0.0803 0.1960 -0.2473
v 0.0803 0.1960 -0.2473
v 0.2103 0.1960 -0.1528
v 0.2210 0.3200 0.0000
v 0.1788 0.3200 0.1299
v 0.0683 0.3200 0.2102
v -0.0683 0.3200 0.2102
v -0.1788 0.3200 0.1299
v -0.2210 0.3200 0.0000
v -0.1788 0.3200 -0.1299
v -0.0683 0.3200 -0.2102
v 0.0683 0.3200 -0.2102
v 0.1788 0.3200 -0.1299
v 0.2210 -0.3000 0.0000
v 0.1788 -0.3000 0.1299
v 0.0683 -0.3000 0.2102
v -0.0683 -0.3000 0.2102
v -0.1788 -0.3000 0.1299
v -0.2210 -0.3000 0.0000
v -0.1788 -0.3000 -0.1299
v -0.0683 -0.3000 -0.2102
v 0.0683 -0.3000 -0.2102
v 0.1788 -0.3000 -0.1299
v 0.2600 -0.1760 0.0000
v 0.2103 -0.1760 0.1528
v 0.0803 -0.1760 0.2473
v -0.0803 -0.1760 0.2473
v -0.2103 -0.1760 0.1528
v -0.2600 -0.1760 0.0000
v -0.2103 -0.1760 -0.1528
v -0.0803 -0.1760 -0.2473
v 0.0803 -0.1760 -0.2473
v 0.2103 -0.1760 -0.1528
v 0.2808 0.0100 0.0000
v 0.2272 0.0100 0.1651
v 0.0868 0.0100 0.2671
v -0.0868 0.0100 0.2671
v -0.2272 0.0100 0.1651
v -0.2808 0.0100 0.0000
v -0.2272 0.0100 -0.1651
v -0.0868 0.0100 -0.2671
v 0.0868 0.0100 -0.2671
v 0.2272 0.0100 -0.1651
v 0.2600 0.1960 0.0000
v 0.2103 0.1960 0.1528
v 0.0803 0.1960 0.2473
v -0.0803 0.1960 0.2473
v -0.2103 0.1960 0.1528
v -0.2600 0.1960 0.0000
v -0.2103 0.1960 -0.1528
v -0.0803 0.1960 -0.2473
v 0.0803 0.1960 -0.2473
v 0.2103 0.1960 -0.1528
v 0.2210 0.3200 0.0000
v 0.1788 0.3200 0.1299
v 0.0683 0.3200 0.2102
v -0.0683 0.3200 0.2102
v -0.1788 0.3200 0.1299
v -0.2210 0.3200 0.0000
v -0.1788 0.3200 -0.1299
v -0.0683 0.3200 -0.2102
v 0.0683 0.3200 -0.2102
v 0.1788 0.3200 -0.1299
v 0.2210 -0.3000 0.0000
v 0.1788 -0.3000 0.1299
v 0.0683 -0.3000 0.2102
v -0.0683 -0.3000 0.2102
v -0.1788 -0.3000 0.1299
v -0.2210 -0.3000 0.0000
v -0.1788 -0.3000 -0.1299
v -0.0683 -0.3000 -0.2102
v 0.0683 -0.3000 -0.2102
v 0.1788 -0.3000 -0.1299
v 0.2600 -0.1760 0.0000
v 0.2103 -0.1760 0.1528
v 0.0803 -0.1760 0.2473
v -0.0803 -0.1760 0.2473
v -0.2103 -0.1760 0.1528
v -0.2600 -0.1760 0.0000
v -0.2103 -0.1760 -0.1528
v -0.0803 -0.1760 -0.2473
v 0.0803 -0.1760 -0.2473
v 0.2103 -0.1760 -0.1528
v 0.2808 0.0100 0.0000
v 0.2272 0.0100 0.1651
v 0.0868 0.0100 0.2671
v -0.0868 0.0100 0.2671
v -0.2272 0.0100 0.1651
v -0.2808 0.0100 0.0000
v -0.2272 0.0100 -0.1651
v -0.0868 0.0100 -0.2671
v 0.0868 0.0100 -0.2671
v 0.2272 0.0100 -0.1651
v 0.2600 0.1960 0.0000
v 0.2103 0.1960 0.1528
v 0.0803 0.1960 0.2473
v -0.0803 0.1960 0.2473
v -0.2103 0.1960 0.1528
v -0.2600 0.1960 0.0000
v -0.2103 0.1960 -0.1528
v -0.0803 0.1960 -0.2473
v 0.0803 0.1960 -0.2473
v 0.2103 0.1960 -0.1528
v 0.2210 0.3200 0.0000
v 0.1788 0.3200 0.1299
v 0.0683 0.3200 0.2102
v -0.0683 0.3200 0.2102
v -0.1788 0.3200 0.1299
v -0.2210 0.3200 0.0000
v -0.1788 0.3200 -0.1299
v -0.0683 0.3200 -0.2102
v 0.0683 0.3200 -0.2102
v 0.1788 0.3200 -0.1299
v 0.2210 -0.3000 0.0000
v 0.1788 -0.3000 0.1299
v 0.0683 -0.3000 0.2102
v -0.0683 -0.3000 0.2102
v -0.1788 -0.3000 0.1299
v -0.2210 -0.3000 0.0000
v -0.1788 -0.3000 -0.1299
v -0.0683 -0.3000 -0.2102
v 0.0683 -0.3000 -0.2102
v 0.1788 -0.3000 -0.1299
v 0.2600 -0.1760 0.0000
v 0.2103 -0.1760 0.1528
v 0.0803 -0.1760 0.2473
v -0.0803 -0.1760 0.2473
v -0.2103 -0.1760 0.1528
v -0.2600 -0.1760 0.0000
v -0.2103 -0.1760 -0.1528
v -0.0803 -0.1760 -0.2473
v 0.0803 -0.1760 -0.2473
v 0.2103 -0.1760 -0.1528
v 0.2808 0.0100 0.0000
v 0.2272 0.0100 0.1651
v 0.0868 0.0100 0.2671
v -0.0868 0.0100 0.2671
v -0.2272 0.0100 0.1651
v -0.2808 0.0100 0.0000
v -0.2272 0.0100 -0.1651
v -0.0868 0.0100 -0.2671
v 0.0868 0.0100 -0.2671
v 0.2272 0.0100 -0.1651
v 0.2600 0.1960 0.0000
v 0.2103 0.1960 0.1528
v 0.0803 0.1960 0.2473
v -0.0803 0.1960 0.2473
v -0.2103 0.1960 0.1528
v -0.2600 0.1960 0.0000
v -0.2103 0.1960 -0.1528
v -0.0803 0.1960 -0.2473
v 0.0803 0.1960 -0.2473
v 0.2103 0.1960 -0.1528
v 0.2210 0.3200 0.0000
v 0.1788 0.3200 0.1299
v 0.0683 0.3200 0.2102
v -0.0683 0.3200 0.2102
v -0.1788 0.3200 0.1299
v -0.2210 0.3200 0.0000
v -0.1788 0.3200 -0.1299
v -0.0683 0.3200 -0.2102
v 0.0683 0.3200 -0.2102
v 0.1788 0.3200 -0.1299
v 0.2210 0.3200 0.0000
v 0.1788 0.3200 0.1299
v 0.0683 0.3200 0.2102
v -0.0683 0.3200 0.2102
v -0.1788 0.3200 0.1299
v -0.2210 0.3200 0.0000
v -0.1788 0.3200 -0.1299
v -0.0683 0.3200 -0.2102
v 0.0683 0.3200 -0.2102
v 0.1788 0.3200 -0.1299
usemtl band
f 11 12 2 1
f 12 13 3 2
f 13 14 4 3
f 14 15 5 4
f 15 16 6 5
f 16 17 7 6
f 17 18 8 7
f 18 19 9 8
f 19 20 10 9
f 20 11 1 10
usemtl wood
f 71 72 62 61
f 72 73 63 62
f 73 74 64 63
f 74 75 65 64
f 75 76 66 65
f 76 77 67 66
f 77 78 68 67
f 78 79 69 68
f 79 80 70 69
f 80 71 61 70
f 131 132 122 121
f 132 133 123 122
f 133 134 124 123
f 134 135 125 124
f 135 136 126 125
f 136 137 127 126
f 137 138 128 127
f 138 139 129 128
f 139 140 130 129
f 140 131 121 130
usemtl band
f 191 192 182 181
f 192 193 183 182
f 193 194 184 183
f 194 195 185 184
f 195 196 186 185
f 196 197 187 186
f 197 198 188 187
f 198 199 189 188
f 199 200 190 189
f 200 191 181 190
usemtl wood
f 210 209 208 207 206 205 204 203 202 201
