# Conveyor Chef - Crate (low-poly, OBJ format; rename to .obj to open in Blender)
# X = bow, Y = up, Z = port. "#color" lines give each material its colour (r g b, 0-255).
#color wood 184 124 66
#color slat 150 96 50
#color tomato 232 60 48
#color lettuce 102 190 70
o Crate
v -0.3200 -0.1800 -0.3200
v -0.3200 -0.1800 0.3200
v -0.3200 0.1720 -0.3200
v -0.3200 0.1720 0.3200
v 0.3200 -0.1800 -0.3200
v 0.3200 -0.1800 0.3200
v 0.3200 0.1720 -0.3200
v 0.3200 0.1720 0.3200
v -0.3264 -0.1000 -0.3264
v -0.3264 -0.1000 0.3264
v -0.3264 -0.0552 -0.3264
v -0.3264 -0.0552 0.3264
v 0.3264 -0.1000 -0.3264
v 0.3264 -0.1000 0.3264
v 0.3264 -0.0552 -0.3264
v 0.3264 -0.0552 0.3264
v -0.3264 0.0440 -0.3264
v -0.3264 0.0440 0.3264
v -0.3264 0.0888 -0.3264
v -0.3264 0.0888 0.3264
v 0.3264 0.0440 -0.3264
v 0.3264 0.0440 0.3264
v 0.3264 0.0888 -0.3264
v 0.3264 0.0888 0.3264
v 0.0195 0.2936 0.0799
v 0.0195 0.1016 0.0799
v 0.0964 0.2655 0.0799
v 0.0675 0.2655 0.1401
v 0.0024 0.2655 0.1549
v -0.0498 0.2655 0.1133
v -0.0498 0.2655 0.0465
v 0.0024 0.2655 0.0049
v 0.0675 0.2655 0.0198
v 0.1283 0.1976 0.0799
v 0.0873 0.1976 0.1650
v -0.0047 0.1976 0.1860
v -0.0785 0.1976 0.1271
v -0.0785 0.1976 0.0327
v -0.0047 0.1976 -0.0261
v 0.0873 0.1976 -0.0051
v 0.0964 0.1297 0.0799
v 0.0675 0.1297 0.1401
v 0.0024 0.1297 0.1549
v -0.0498 0.1297 0.1133
v -0.0498 0.1297 0.0465
v 0.0024 0.1297 0.0049
v 0.0675 0.1297 0.0198
v -0.0803 0.2936 0.0042
v -0.0803 0.1016 0.0042
v -0.0034 0.2655 0.0042
v -0.0323 0.2655 0.0643
v -0.0974 0.2655 0.0792
v -0.1496 0.2655 0.0375
v -0.1496 0.2655 -0.0292
v -0.0974 0.2655 -0.0708
v -0.0323 0.2655 -0.0560
v 0.0285 0.1976 0.0042
v -0.0125 0.1976 0.0892
v -0.1045 0.1976 0.1102
v -0.1783 0.1976 0.0514
v -0.1783 0.1976 -0.0430
v -0.1045 0.1976 -0.1019
v -0.0125 0.1976 -0.0809
v -0.0034 0.1297 0.0042
v -0.0323 0.1297 0.0643
v -0.0974 0.1297 0.0792
v -0.1496 0.1297 0.0375
v -0.1496 0.1297 -0.0292
v -0.0974 0.1297 -0.0708
v -0.0323 0.1297 -0.0560
v 0.1509 0.2936 0.1522
v 0.1509 0.1016 0.1522
v 0.2278 0.2655 0.1522
v 0.1989 0.2655 0.2123
v 0.1338 0.2655 0.2272
v 0.0816 0.2655 0.1856
v 0.0816 0.2655 0.1188
v 0.1338 0.2655 0.0772
v 0.1989 0.2655 0.0920
v 0.2597 0.1976 0.1522
v 0.2187 0.1976 0.2372
v 0.1267 0.1976 0.2582
v 0.0529 0.1976 0.1994
v 0.0529 0.1976 0.1050
v 0.1267 0.1976 0.0461
v 0.2187 0.1976 0.0671
v 0.2278 0.1297 0.1522
v 0.1989 0.1297 0.2123
v 0.1338 0.1297 0.2272
v 0.0816 0.1297 0.1856
v 0.0816 0.1297 0.1188
v 0.1338 0.1297 0.0772
v 0.1989 0.1297 0.0920
v -0.1438 0.2936 -0.1124
v -0.1438 0.1016 -0.1124
v -0.0668 0.2655 -0.1124
v -0.0958 0.2655 -0.0523
v -0.1609 0.2655 -0.0374
v -0.2131 0.2655 -0.0790
v -0.2131 0.2655 -0.1458
v -0.1609 0.2655 -0.1874
v -0.0958 0.2655 -0.1726
v -0.0350 0.1976 -0.1124
v -0.0759 0.1976 -0.0274
v -0.1680 0.1976 -0.0063
v -0.2418 0.1976 -0.0652
v -0.2418 0.1976 -0.1596
v -0.1680 0.1976 -0.2185
v -0.0759 0.1976 -0.1975
v -0.0668 0.1297 -0.1124
v -0.0958 0.1297 -0.0523
v -0.1609 0.1297 -0.0374
v -0.2131 0.1297 -0.0790
v -0.2131 0.1297 -0.1458
v -0.1609 0.1297 -0.1874
v -0.0958 0.1297 -0.1726
v -0.1722 0.2936 -0.0227
v -0.1722 0.1016 -0.0227
v -0.0953 0.2655 -0.0227
v -0.1243 0.2655 0.0374
v -0.1894 0.2655 0.0523
v -0.2416 0.2655 0.0107
v -0.2416 0.2655 -0.0561
v -0.1894 0.2655 -0.0977
v -0.1243 0.2655 -0.0829
v -0.0634 0.1976 -0.0227
v -0.1044 0.1976 0.0623
v -0.1964 0.1976 0.0833
v -0.2703 0.1976 0.0245
v -0.2703 0.1976 -0.0699
v -0.1964 0.1976 -0.1288
v -0.1044 0.1976 -0.1078
v -0.0953 0.1297 -0.0227
v -0.1243 0.1297 0.0374
v -0.1894 0.1297 0.0523
v -0.2416 0.1297 0.0107
v -0.2416 0.1297 -0.0561
v -0.1894 0.1297 -0.0977
v -0.1243 0.1297 -0.0829
usemtl wood
f 2 4 3 1
f 5 7 8 6
f 4 8 7 3
f 3 7 5 1
f 2 6 8 4
usemtl slat
f 10 12 11 9
f 13 15 16 14
f 12 16 15 11
f 11 15 13 9
f 10 14 16 12
f 18 20 19 17
f 21 23 24 22
f 20 24 23 19
f 19 23 21 17
f 18 22 24 20
usemtl lettuce
f 25 28 27
f 26 41 42
f 27 28 35 34
f 34 35 42 41
f 25 29 28
f 26 42 43
f 28 29 36 35
f 35 36 43 42
f 25 30 29
f 26 43 44
f 29 30 37 36
f 36 37 44 43
f 25 31 30
f 26 44 45
f 30 31 38 37
f 37 38 45 44
f 25 32 31
f 26 45 46
f 31 32 39 38
f 38 39 46 45
f 25 33 32
f 26 46 47
f 32 33 40 39
f 39 40 47 46
f 25 27 33
f 26 47 41
f 33 27 34 40
f 40 34 41 47
usemtl tomato
f 48 51 50
f 49 64 65
f 50 51 58 57
f 57 58 65 64
f 48 52 51
f 49 65 66
f 51 52 59 58
f 58 59 66 65
f 48 53 52
f 49 66 67
f 52 53 60 59
f 59 60 67 66
f 48 54 53
f 49 67 68
f 53 54 61 60
f 60 61 68 67
f 48 55 54
f 49 68 69
f 54 55 62 61
f 61 62 69 68
f 48 56 55
f 49 69 70
f 55 56 63 62
f 62 63 70 69
f 48 50 56
f 49 70 64
f 56 50 57 63
f 63 57 64 70
f 71 74 73
f 72 87 88
f 73 74 81 80
f 80 81 88 87
f 71 75 74
f 72 88 89
f 74 75 82 81
f 81 82 89 88
f 71 76 75
f 72 89 90
f 75 76 83 82
f 82 83 90 89
f 71 77 76
f 72 90 91
f 76 77 84 83
f 83 84 91 90
f 71 78 77
f 72 91 92
f 77 78 85 84
f 84 85 92 91
f 71 79 78
f 72 92 93
f 78 79 86 85
f 85 86 93 92
f 71 73 79
f 72 93 87
f 79 73 80 86
f 86 80 87 93
usemtl lettuce
f 94 97 96
f 95 110 111
f 96 97 104 103
f 103 104 111 110
f 94 98 97
f 95 111 112
f 97 98 105 104
f 104 105 112 111
f 94 99 98
f 95 112 113
f 98 99 106 105
f 105 106 113 112
f 94 100 99
f 95 113 114
f 99 100 107 106
f 106 107 114 113
f 94 101 100
f 95 114 115
f 100 101 108 107
f 107 108 115 114
f 94 102 101
f 95 115 116
f 101 102 109 108
f 108 109 116 115
f 94 96 102
f 95 116 110
f 102 96 103 109
f 109 103 110 116
usemtl tomato
f 117 120 119
f 118 133 134
f 119 120 127 126
f 126 127 134 133
f 117 121 120
f 118 134 135
f 120 121 128 127
f 127 128 135 134
f 117 122 121
f 118 135 136
f 121 122 129 128
f 128 129 136 135
f 117 123 122
f 118 136 137
f 122 123 130 129
f 129 130 137 136
f 117 124 123
f 118 137 138
f 123 124 131 130
f 130 131 138 137
f 117 125 124
f 118 138 139
f 124 125 132 131
f 131 132 139 138
f 117 119 125
f 118 139 133
f 125 119 126 132
f 132 126 133 139
