# Conveyor Chef - Dolphin (low-poly, OBJ format; rename to .obj to open in Blender)
# X = bow, Y = up, Z = port. "#color" lines give each material its colour (r g b, 0-255).
#color back 96 136 196
#color belly 226 234 246
#color eye 24 28 44
#color shine 255 255 255
#color fin 82 120 182 doublesided
o Dolphin
v -0.8000 0.0000 0.0333
v -0.8000 0.0175 0.0288
v -0.8000 0.0303 0.0166
v -0.8000 0.0350 0.0000
v -0.8000 0.0303 -0.0166
v -0.8000 0.0175 -0.0288
v -0.8000 0.0000 -0.0333
v -0.8000 -0.0149 -0.0288
v -0.8000 -0.0258 -0.0166
v -0.8000 -0.0298 -0.0000
v -0.8000 -0.0258 0.0166
v -0.8000 -0.0149 0.0288
v -0.7132 0.0000 0.0440
v -0.7132 0.0231 0.0381
v -0.7132 0.0401 0.0220
v -0.7132 0.0463 0.0000
v -0.7132 0.0401 -0.0220
v -0.7132 0.0231 -0.0381
v -0.7132 0.0000 -0.0440
v -0.7132 -0.0197 -0.0381
v -0.7132 -0.0341 -0.0220
v -0.7132 -0.0393 -0.0000
v -0.7132 -0.0341 0.0220
v -0.7132 -0.0197 0.0381
v -0.6263 0.0000 0.0562
v -0.6263 0.0296 0.0487
v -0.6263 0.0512 0.0281
v -0.6263 0.0592 0.0000
v -0.6263 0.0512 -0.0281
v -0.6263 0.0296 -0.0487
v -0.6263 0.0000 -0.0562
v -0.6263 -0.0251 -0.0487
v -0.6263 -0.0436 -0.0281
v -0.6263 -0.0503 -0.0000
v -0.6263 -0.0436 0.0281
v -0.6263 -0.0251 0.0487
v -0.5395 0.0000 0.0691
v -0.5395 0.0364 0.0599
v -0.5395 0.0630 0.0346
v -0.5395 0.0728 0.0000
v -0.5395 0.0630 -0.0346
v -0.5395 0.0364 -0.0599
v -0.5395 0.0000 -0.0691
v -0.5395 -0.0309 -0.0599
v -0.5395 -0.0536 -0.0346
v -0.5395 -0.0618 -0.0000
v -0.5395 -0.0536 0.0346
v -0.5395 -0.0309 0.0599
v -0.4526 0.0000 0.0825
v -0.4526 0.0434 0.0714
v -0.4526 0.0752 0.0412
v -0.4526 0.0868 0.0000
v -0.4526 0.0752 -0.0412
v -0.4526 0.0434 -0.0714
v -0.4526 0.0000 -0.0825
v -0.4526 -0.0369 -0.0714
v -0.4526 -0.0639 -0.0412
v -0.4526 -0.0738 -0.0000
v -0.4526 -0.0639 0.0412
v -0.4526 -0.0369 0.0714
v -0.3658 0.0000 0.0962
v -0.3658 0.0506 0.0833
v -0.3658 0.0877 0.0481
v -0.3658 0.1012 0.0000
v -0.3658 0.0877 -0.0481
v -0.3658 0.0506 -0.0833
v -0.3658 0.0000 -0.0962
v -0.3658 -0.0430 -0.0833
v -0.3658 -0.0745 -0.0481
v -0.3658 -0.0860 -0.0000
v -0.3658 -0.0745 0.0481
v -0.3658 -0.0430 0.0833
v -0.2789 0.0000 0.1101
v -0.2789 0.0580 0.0954
v -0.2789 0.1004 0.0551
v -0.2789 0.1159 0.0000
v -0.2789 0.1004 -0.0551
v -0.2789 0.0580 -0.0954
v -0.2789 0.0000 -0.1101
v -0.2789 -0.0493 -0.0954
v -0.2789 -0.0853 -0.0551
v -0.2789 -0.0985 -0.0000
v -0.2789 -0.0853 0.0551
v -0.2789 -0.0493 0.0954
v -0.1921 0.0000 0.1244
v -0.1921 0.0654 0.1077
v -0.1921 0.1134 0.0622
v -0.1921 0.1309 0.0000
v -0.1921 0.1134 -0.0622
v -0.1921 0.0654 -0.1077
v -0.1921 0.0000 -0.1244
v -0.1921 -0.0556 -0.1077
v -0.1921 -0.0964 -0.0622
v -0.1921 -0.1113 -0.0000
v -0.1921 -0.0964 0.0622
v -0.1921 -0.0556 0.1077
v -0.1053 0.0000 0.1388
v -0.1053 0.0730 0.1202
v -0.1053 0.1265 0.0694
v -0.1053 0.1461 0.0000
v -0.1053 0.1265 -0.0694
v -0.1053 0.0730 -0.1202
v -0.1053 0.0000 -0.1388
v -0.1053 -0.0621 -0.1202
v -0.1053 -0.1075 -0.0694
v -0.1053 -0.1242 -0.0000
v -0.1053 -0.1075 0.0694
v -0.1053 -0.0621 0.1202
v -0.0184 0.0000 0.1534
v -0.0184 0.0807 0.1328
v -0.0184 0.1398 0.0767
v -0.0184 0.1614 0.0000
v -0.0184 0.1398 -0.0767
v -0.0184 0.0807 -0.1328
v -0.0184 0.0000 -0.1534
v -0.0184 -0.0686 -0.1328
v -0.0184 -0.1188 -0.0767
v -0.0184 -0.1372 -0.0000
v -0.0184 -0.1188 0.0767
v -0.0184 -0.0686 0.1328
v 0.0684 0.0000 0.1681
v 0.0684 0.0885 0.1456
v 0.0684 0.1533 0.0841
v 0.0684 0.1770 0.0000
v 0.0684 0.1533 -0.0841
v 0.0684 0.0885 -0.1456
v 0.0684 0.0000 -0.1681
v 0.0684 -0.0752 -0.1456
v 0.0684 -0.1303 -0.0841
v 0.0684 -0.1504 -0.0000
v 0.0684 -0.1303 0.0841
v 0.0684 -0.0752 0.1456
v 0.1553 0.0000 0.1830
v 0.1553 0.0963 0.1585
v 0.1553 0.1668 0.0915
v 0.1553 0.1927 0.0000
v 0.1553 0.1668 -0.0915
v 0.1553 0.0963 -0.1585
v 0.1553 0.0000 -0.1830
v 0.1553 -0.0819 -0.1585
v 0.1553 -0.1418 -0.0915
v 0.1553 -0.1638 -0.0000
v 0.1553 -0.1418 0.0915
v 0.1553 -0.0819 0.1585
v 0.2421 0.0000 0.1936
v 0.2421 0.1019 0.1677
v 0.2421 0.1765 0.0968
v 0.2421 0.2038 0.0000
v 0.2421 0.1765 -0.0968
v 0.2421 0.1019 -0.1677
v 0.2421 0.0000 -0.1936
v 0.2421 -0.0866 -0.1677
v 0.2421 -0.1500 -0.0968
v 0.2421 -0.1733 -0.0000
v 0.2421 -0.1500 0.0968
v 0.2421 -0.0866 0.1677
v 0.3289 0.0000 0.1803
v 0.3289 0.0949 0.1561
v 0.3289 0.1644 0.0901
v 0.3289 0.1898 0.0000
v 0.3289 0.1644 -0.0901
v 0.3289 0.0949 -0.1561
v 0.3289 0.0000 -0.1803
v 0.3289 -0.0807 -0.1561
v 0.3289 -0.1397 -0.0901
v 0.3289 -0.1613 -0.0000
v 0.3289 -0.1397 0.0901
v 0.3289 -0.0807 0.1561
v 0.4158 0.0000 0.1593
v 0.4158 0.0838 0.1379
v 0.4158 0.1452 0.0796
v 0.4158 0.1676 0.0000
v 0.4158 0.1452 -0.0796
v 0.4158 0.0838 -0.1379
v 0.4158 0.0000 -0.1593
v 0.4158 -0.0712 -0.1379
v 0.4158 -0.1234 -0.0796
v 0.4158 -0.1425 -0.0000
v 0.4158 -0.1234 0.0796
v 0.4158 -0.0712 0.1379
v 0.5026 0.0000 0.1327
v 0.5026 0.0699 0.1150
v 0.5026 0.1210 0.0664
v 0.5026 0.1397 0.0000
v 0.5026 0.1210 -0.0664
v 0.5026 0.0699 -0.1150
v 0.5026 0.0000 -0.1327
v 0.5026 -0.0594 -0.1150
v 0.5026 -0.1029 -0.0664
v 0.5026 -0.1188 -0.0000
v 0.5026 -0.1029 0.0664
v 0.5026 -0.0594 0.1150
v 0.5895 0.0000 0.1017
v 0.5895 0.0535 0.0881
v 0.5895 0.0927 0.0509
v 0.5895 0.1071 0.0000
v 0.5895 0.0927 -0.0509
v 0.5895 0.0535 -0.0881
v 0.5895 0.0000 -0.1017
v 0.5895 -0.0455 -0.0881
v 0.5895 -0.0788 -0.0509
v 0.5895 -0.0910 -0.0000
v 0.5895 -0.0788 0.0509
v 0.5895 -0.0455 0.0881
v 0.6763 -0.0124 0.0738
v 0.6763 0.0264 0.0639
v 0.6763 0.0548 0.0369
v 0.6763 0.0652 0.0000
v 0.6763 0.0548 -0.0369
v 0.6763 0.0264 -0.0639
v 0.6763 -0.0124 -0.0738
v 0.6763 -0.0454 -0.0639
v 0.6763 -0.0696 -0.0369
v 0.6763 -0.0784 -0.0000
v 0.6763 -0.0696 0.0369
v 0.6763 -0.0454 0.0639
v 0.7632 -0.0312 0.0488
v 0.7632 -0.0055 0.0422
v 0.7632 0.0132 0.0244
v 0.7632 0.0201 0.0000
v 0.7632 0.0132 -0.0244
v 0.7632 -0.0055 -0.0422
v 0.7632 -0.0312 -0.0488
v 0.7632 -0.0530 -0.0422
v 0.7632 -0.0690 -0.0244
v 0.7632 -0.0748 -0.0000
v 0.7632 -0.0690 0.0244
v 0.7632 -0.0530 0.0422
v 0.8500 -0.0500 0.0237
v 0.8500 -0.0375 0.0206
v 0.8500 -0.0283 0.0119
v 0.8500 -0.0250 0.0000
v 0.8500 -0.0283 -0.0119
v 0.8500 -0.0375 -0.0206
v 0.8500 -0.0500 -0.0237
v 0.8500 -0.0606 -0.0206
v 0.8500 -0.0684 -0.0119
v 0.8500 -0.0712 -0.0000
v 0.8500 -0.0684 0.0119
v 0.8500 -0.0606 0.0206
v -0.8000 0.0000 0.0333
v -0.8000 0.0175 0.0288
v -0.8000 0.0303 0.0166
v -0.8000 0.0350 0.0000
v -0.8000 0.0303 -0.0166
v -0.8000 0.0175 -0.0288
v -0.8000 0.0000 -0.0333
v -0.8000 -0.0149 -0.0288
v -0.8000 -0.0258 -0.0166
v -0.8000 -0.0298 -0.0000
v -0.8000 -0.0258 0.0166
v -0.8000 -0.0149 0.0288
v -0.7132 0.0000 0.0440
v -0.7132 0.0231 0.0381
v -0.7132 0.0401 0.0220
v -0.7132 0.0463 0.0000
v -0.7132 0.0401 -0.0220
v -0.7132 0.0231 -0.0381
v -0.7132 0.0000 -0.0440
v -0.7132 -0.0197 -0.0381
v -0.7132 -0.0341 -0.0220
v -0.7132 -0.0393 -0.0000
v -0.7132 -0.0341 0.0220
v -0.7132 -0.0197 0.0381
v -0.6263 0.0000 0.0562
v -0.6263 0.0296 0.0487
v -0.6263 0.0512 0.0281
v -0.6263 0.0592 0.0000
v -0.6263 0.0512 -0.0281
v -0.6263 0.0296 -0.0487
v -0.6263 0.0000 -0.0562
v -0.6263 -0.0251 -0.0487
v -0.6263 -0.0436 -0.0281
v -0.6263 -0.0503 -0.0000
v -0.6263 -0.0436 0.0281
v -0.6263 -0.0251 0.0487
v -0.5395 0.0000 0.0691
v -0.5395 0.0364 0.0599
v -0.5395 0.0630 0.0346
v -0.5395 0.0728 0.0000
v -0.5395 0.0630 -0.0346
v -0.5395 0.0364 -0.0599
v -0.5395 0.0000 -0.0691
v -0.5395 -0.0309 -0.0599
v -0.5395 -0.0536 -0.0346
v -0.5395 -0.0618 -0.0000
v -0.5395 -0.0536 0.0346
v -0.5395 -0.0309 0.0599
v -0.4526 0.0000 0.0825
v -0.4526 0.0434 0.0714
v -0.4526 0.0752 0.0412
v -0.4526 0.0868 0.0000
v -0.4526 0.0752 -0.0412
v -0.4526 0.0434 -0.0714
v -0.4526 0.0000 -0.0825
v -0.4526 -0.0369 -0.0714
v -0.4526 -0.0639 -0.0412
v -0.4526 -0.0738 -0.0000
v -0.4526 -0.0639 0.0412
v -0.4526 -0.0369 0.0714
v -0.3658 0.0000 0.0962
v -0.3658 0.0506 0.0833
v -0.3658 0.0877 0.0481
v -0.3658 0.1012 0.0000
v -0.3658 0.0877 -0.0481
v -0.3658 0.0506 -0.0833
v -0.3658 0.0000 -0.0962
v -0.3658 -0.0430 -0.0833
v -0.3658 -0.0745 -0.0481
v -0.3658 -0.0860 -0.0000
v -0.3658 -0.0745 0.0481
v -0.3658 -0.0430 0.0833
v -0.2789 0.0000 0.1101
v -0.2789 0.0580 0.0954
v -0.2789 0.1004 0.0551
v -0.2789 0.1159 0.0000
v -0.2789 0.1004 -0.0551
v -0.2789 0.0580 -0.0954
v -0.2789 0.0000 -0.1101
v -0.2789 -0.0493 -0.0954
v -0.2789 -0.0853 -0.0551
v -0.2789 -0.0985 -0.0000
v -0.2789 -0.0853 0.0551
v -0.2789 -0.0493 0.0954
v -0.1921 0.0000 0.1244
v -0.1921 0.0654 0.1077
v -0.1921 0.1134 0.0622
v -0.1921 0.1309 0.0000
v -0.1921 0.1134 -0.0622
v -0.1921 0.0654 -0.1077
v -0.1921 0.0000 -0.1244
v -0.1921 -0.0556 -0.1077
v -0.1921 -0.0964 -0.0622
v -0.1921 -0.1113 -0.0000
v -0.1921 -0.0964 0.0622
v -0.1921 -0.0556 0.1077
v -0.1053 0.0000 0.1388
v -0.1053 0.0730 0.1202
v -0.1053 0.1265 0.0694
v -0.1053 0.1461 0.0000
v -0.1053 0.1265 -0.0694
v -0.1053 0.0730 -0.1202
v -0.1053 0.0000 -0.1388
v -0.1053 -0.0621 -0.1202
v -0.1053 -0.1075 -0.0694
v -0.1053 -0.1242 -0.0000
v -0.1053 -0.1075 0.0694
v -0.1053 -0.0621 0.1202
v -0.0184 0.0000 0.1534
v -0.0184 0.0807 0.1328
v -0.0184 0.1398 0.0767
v -0.0184 0.1614 0.0000
v -0.0184 0.1398 -0.0767
v -0.0184 0.0807 -0.1328
v -0.0184 0.0000 -0.1534
v -0.0184 -0.0686 -0.1328
v -0.0184 -0.1188 -0.0767
v -0.0184 -0.1372 -0.0000
v -0.0184 -0.1188 0.0767
v -0.0184 -0.0686 0.1328
v 0.0684 0.0000 0.1681
v 0.0684 0.0885 0.1456
v 0.0684 0.1533 0.0841
v 0.0684 0.1770 0.0000
v 0.0684 0.1533 -0.0841
v 0.0684 0.0885 -0.1456
v 0.0684 0.0000 -0.1681
v 0.0684 -0.0752 -0.1456
v 0.0684 -0.1303 -0.0841
v 0.0684 -0.1504 -0.0000
v 0.0684 -0.1303 0.0841
v 0.0684 -0.0752 0.1456
v 0.1553 0.0000 0.1830
v 0.1553 0.0963 0.1585
v 0.1553 0.1668 0.0915
v 0.1553 0.1927 0.0000
v 0.1553 0.1668 -0.0915
v 0.1553 0.0963 -0.1585
v 0.1553 0.0000 -0.1830
v 0.1553 -0.0819 -0.1585
v 0.1553 -0.1418 -0.0915
v 0.1553 -0.1638 -0.0000
v 0.1553 -0.1418 0.0915
v 0.1553 -0.0819 0.1585
v 0.2421 0.0000 0.1936
v 0.2421 0.1019 0.1677
v 0.2421 0.1765 0.0968
v 0.2421 0.2038 0.0000
v 0.2421 0.1765 -0.0968
v 0.2421 0.1019 -0.1677
v 0.2421 0.0000 -0.1936
v 0.2421 -0.0866 -0.1677
v 0.2421 -0.1500 -0.0968
v 0.2421 -0.1733 -0.0000
v 0.2421 -0.1500 0.0968
v 0.2421 -0.0866 0.1677
v 0.3289 0.0000 0.1803
v 0.3289 0.0949 0.1561
v 0.3289 0.1644 0.0901
v 0.3289 0.1898 0.0000
v 0.3289 0.1644 -0.0901
v 0.3289 0.0949 -0.1561
v 0.3289 0.0000 -0.1803
v 0.3289 -0.0807 -0.1561
v 0.3289 -0.1397 -0.0901
v 0.3289 -0.1613 -0.0000
v 0.3289 -0.1397 0.0901
v 0.3289 -0.0807 0.1561
v 0.4158 0.0000 0.1593
v 0.4158 0.0838 0.1379
v 0.4158 0.1452 0.0796
v 0.4158 0.1676 0.0000
v 0.4158 0.1452 -0.0796
v 0.4158 0.0838 -0.1379
v 0.4158 0.0000 -0.1593
v 0.4158 -0.0712 -0.1379
v 0.4158 -0.1234 -0.0796
v 0.4158 -0.1425 -0.0000
v 0.4158 -0.1234 0.0796
v 0.4158 -0.0712 0.1379
v 0.5026 0.0000 0.1327
v 0.5026 0.0699 0.1150
v 0.5026 0.1210 0.0664
v 0.5026 0.1397 0.0000
v 0.5026 0.1210 -0.0664
v 0.5026 0.0699 -0.1150
v 0.5026 0.0000 -0.1327
v 0.5026 -0.0594 -0.1150
v 0.5026 -0.1029 -0.0664
v 0.5026 -0.1188 -0.0000
v 0.5026 -0.1029 0.0664
v 0.5026 -0.0594 0.1150
v 0.5895 0.0000 0.1017
v 0.5895 0.0535 0.0881
v 0.5895 0.0927 0.0509
v 0.5895 0.1071 0.0000
v 0.5895 0.0927 -0.0509
v 0.5895 0.0535 -0.0881
v 0.5895 0.0000 -0.1017
v 0.5895 -0.0455 -0.0881
v 0.5895 -0.0788 -0.0509
v 0.5895 -0.0910 -0.0000
v 0.5895 -0.0788 0.0509
v 0.5895 -0.0455 0.0881
v 0.6763 -0.0124 0.0738
v 0.6763 0.0264 0.0639
v 0.6763 0.0548 0.0369
v 0.6763 0.0652 0.0000
v 0.6763 0.0548 -0.0369
v 0.6763 0.0264 -0.0639
v 0.6763 -0.0124 -0.0738
v 0.6763 -0.0454 -0.0639
v 0.6763 -0.0696 -0.0369
v 0.6763 -0.0784 -0.0000
v 0.6763 -0.0696 0.0369
v 0.6763 -0.0454 0.0639
v 0.7632 -0.0312 0.0488
v 0.7632 -0.0055 0.0422
v 0.7632 0.0132 0.0244
v 0.7632 0.0201 0.0000
v 0.7632 0.0132 -0.0244
v 0.7632 -0.0055 -0.0422
v 0.7632 -0.0312 -0.0488
v 0.7632 -0.0530 -0.0422
v 0.7632 -0.0690 -0.0244
v 0.7632 -0.0748 -0.0000
v 0.7632 -0.0690 0.0244
v 0.7632 -0.0530 0.0422
v 0.8500 -0.0500 0.0237
v 0.8500 -0.0375 0.0206
v 0.8500 -0.0283 0.0119
v 0.8500 -0.0250 0.0000
v 0.8500 -0.0283 -0.0119
v 0.8500 -0.0375 -0.0206
v 0.8500 -0.0500 -0.0237
v 0.8500 -0.0606 -0.0206
v 0.8500 -0.0684 -0.0119
v 0.8500 -0.0712 -0.0000
v 0.8500 -0.0684 0.0119
v 0.8500 -0.0606 0.0206
v -0.8000 0.0000 0.0333
v -0.8000 0.0175 0.0288
v -0.8000 0.0303 0.0166
v -0.8000 0.0350 0.0000
v -0.8000 0.0303 -0.0166
v -0.8000 0.0175 -0.0288
v -0.8000 0.0000 -0.0333
v -0.8000 -0.0149 -0.0288
v -0.8000 -0.0258 -0.0166
v -0.8000 -0.0298 -0.0000
v -0.8000 -0.0258 0.0166
v -0.8000 -0.0149 0.0288
v 0.8500 -0.0500 0.0237
v 0.8500 -0.0375 0.0206
v 0.8500 -0.0283 0.0119
v 0.8500 -0.0250 0.0000
v 0.8500 -0.0283 -0.0119
v 0.8500 -0.0375 -0.0206
v 0.8500 -0.0500 -0.0237
v 0.8500 -0.0606 -0.0206
v 0.8500 -0.0684 -0.0119
v 0.8500 -0.0712 -0.0000
v 0.8500 -0.0684 0.0119
v 0.8500 -0.0606 0.0206
v 0.1200 0.1700 0.0000
v -0.1200 0.1700 0.0000
v -0.1400 0.4000 0.0000
v 0.3000 -0.0600 0.1500
v 0.1800 -0.0800 0.1700
v 0.1200 -0.1600 0.3600
v -0.7600 0.0000 0.0000
v -1.0000 0.0400 0.2600
v -0.9200 0.0200 0.0600
v 0.4700 0.0200 0.1050
v 0.4700 0.0200 0.1350
v 0.4700 0.0700 0.1050
v 0.4700 0.0700 0.1350
v 0.5300 0.0200 0.1050
v 0.5300 0.0200 0.1350
v 0.5300 0.0700 0.1050
v 0.5300 0.0700 0.1350
v 0.5000 0.0500 0.1240
v 0.5000 0.0500 0.1360
v 0.5000 0.0700 0.1240
v 0.5000 0.0700 0.1360
v 0.5300 0.0500 0.1240
v 0.5300 0.0500 0.1360
v 0.5300 0.0700 0.1240
v 0.5300 0.0700 0.1360
v 0.3000 -0.0600 -0.1500
v 0.1800 -0.0800 -0.1700
v 0.1200 -0.1600 -0.3600
v -0.7600 0.0000 0.0000
v -1.0000 0.0400 -0.2600
v -0.9200 0.0200 -0.0600
v 0.4700 0.0200 -0.1350
v 0.4700 0.0200 -0.1050
v 0.4700 0.0700 -0.1350
v 0.4700 0.0700 -0.1050
v 0.5300 0.0200 -0.1350
v 0.5300 0.0200 -0.1050
v 0.5300 0.0700 -0.1350
v 0.5300 0.0700 -0.1050
v 0.5000 0.0500 -0.1360
v 0.5000 0.0500 -0.1240
v 0.5000 0.0700 -0.1360
v 0.5000 0.0700 -0.1240
v 0.5300 0.0500 -0.1360
v 0.5300 0.0500 -0.1240
v 0.5300 0.0700 -0.1360
v 0.5300 0.0700 -0.1240
usemtl back
f 13 14 2 1
f 14 15 3 2
f 15 16 4 3
f 16 17 5 4
f 17 18 6 5
f 18 19 7 6
f 19 20 8 7
f 20 21 9 8
f 21 22 10 9
f 22 23 11 10
f 23 24 12 11
f 24 13 1 12
f 25 26 14 13
f 26 27 15 14
f 27 28 16 15
f 28 29 17 16
f 29 30 18 17
f 30 31 19 18
f 31 32 20 19
f 32 33 21 20
f 33 34 22 21
f 34 35 23 22
f 35 36 24 23
f 36 25 13 24
f 37 38 26 25
f 38 39 27 26
f 39 40 28 27
f 40 41 29 28
f 41 42 30 29
f 42 43 31 30
f 43 44 32 31
f 44 45 33 32
f 45 46 34 33
f 46 47 35 34
f 47 48 36 35
f 48 37 25 36
f 49 50 38 37
f 50 51 39 38
f 51 52 40 39
f 52 53 41 40
f 53 54 42 41
f 54 55 43 42
f 55 56 44 43
f 56 57 45 44
f 57 58 46 45
f 58 59 47 46
f 59 60 48 47
f 60 49 37 48
f 61 62 50 49
f 62 63 51 50
f 63 64 52 51
f 64 65 53 52
f 65 66 54 53
f 66 67 55 54
f 67 68 56 55
f 72 61 49 60
f 73 74 62 61
f 74 75 63 62
f 75 76 64 63
f 76 77 65 64
f 77 78 66 65
f 78 79 67 66
f 79 80 68 67
f 84 73 61 72
f 85 86 74 73
f 86 87 75 74
f 87 88 76 75
f 88 89 77 76
f 89 90 78 77
f 90 91 79 78
f 91 92 80 79
f 96 85 73 84
f 97 98 86 85
f 98 99 87 86
f 99 100 88 87
f 100 101 89 88
f 101 102 90 89
f 102 103 91 90
f 103 104 92 91
f 108 97 85 96
f 109 110 98 97
f 110 111 99 98
f 111 112 100 99
f 112 113 101 100
f 113 114 102 101
f 114 115 103 102
f 115 116 104 103
f 120 109 97 108
f 121 122 110 109
f 122 123 111 110
f 123 124 112 111
f 124 125 113 112
f 125 126 114 113
f 126 127 115 114
f 127 128 116 115
f 132 121 109 120
f 133 134 122 121
f 134 135 123 122
f 135 136 124 123
f 136 137 125 124
f 137 138 126 125
f 138 139 127 126
f 139 140 128 127
f 144 133 121 132
f 145 146 134 133
f 146 147 135 134
f 147 148 136 135
f 148 149 137 136
f 149 150 138 137
f 150 151 139 138
f 151 152 140 139
f 156 145 133 144
f 157 158 146 145
f 158 159 147 146
f 159 160 148 147
f 160 161 149 148
f 161 162 150 149
f 162 163 151 150
f 163 164 152 151
f 168 157 145 156
f 169 170 158 157
f 170 171 159 158
f 171 172 160 159
f 172 173 161 160
f 173 174 162 161
f 174 175 163 162
f 175 176 164 163
f 180 169 157 168
f 181 182 170 169
f 182 183 171 170
f 183 184 172 171
f 184 185 173 172
f 185 186 174 173
f 186 187 175 174
f 187 188 176 175
f 192 181 169 180
f 193 194 182 181
f 194 195 183 182
f 195 196 184 183
f 196 197 185 184
f 197 198 186 185
f 198 199 187 186
f 199 200 188 187
f 204 193 181 192
f 205 206 194 193
f 206 207 195 194
f 207 208 196 195
f 208 209 197 196
f 209 210 198 197
f 210 211 199 198
f 211 212 200 199
f 216 205 193 204
f 217 218 206 205
f 218 219 207 206
f 219 220 208 207
f 220 221 209 208
f 221 222 210 209
f 222 223 211 210
f 223 224 212 211
f 228 217 205 216
f 229 230 218 217
f 230 231 219 218
f 231 232 220 219
f 232 233 221 220
f 233 234 222 221
f 234 235 223 222
f 235 236 224 223
f 240 229 217 228
usemtl belly
f 308 309 297 296
f 309 310 298 297
f 310 311 299 298
f 311 312 300 299
f 320 321 309 308
f 321 322 310 309
f 322 323 311 310
f 323 324 312 311
f 332 333 321 320
f 333 334 322 321
f 334 335 323 322
f 335 336 324 323
f 344 345 333 332
f 345 346 334 333
f 346 347 335 334
f 347 348 336 335
f 356 357 345 344
f 357 358 346 345
f 358 359 347 346
f 359 360 348 347
f 368 369 357 356
f 369 370 358 357
f 370 371 359 358
f 371 372 360 359
f 380 381 369 368
f 381 382 370 369
f 382 383 371 370
f 383 384 372 371
f 392 393 381 380
f 393 394 382 381
f 394 395 383 382
f 395 396 384 383
f 404 405 393 392
f 405 406 394 393
f 406 407 395 394
f 407 408 396 395
f 416 417 405 404
f 417 418 406 405
f 418 419 407 406
f 419 420 408 407
f 428 429 417 416
f 429 430 418 417
f 430 431 419 418
f 431 432 420 419
f 440 441 429 428
f 441 442 430 429
f 442 443 431 430
f 443 444 432 431
f 452 453 441 440
f 453 454 442 441
f 454 455 443 442
f 455 456 444 443
f 464 465 453 452
f 465 466 454 453
f 466 467 455 454
f 467 468 456 455
f 476 477 465 464
f 477 478 466 465
f 478 479 467 466
f 479 480 468 467
usemtl back
f 481 482 483 484 485 486 487 488 489 490 491 492
f 504 503 502 501 500 499 498 497 496 495 494 493
usemtl fin
f 505 506 507
f 508 509 510
f 511 512 513
usemtl eye
f 515 517 516 514
f 518 520 521 519
f 517 521 520 516
f 516 520 518 514
f 515 519 521 517
f 514 518 519 515
usemtl shine
f 523 525 524 522
f 526 528 529 527
f 525 529 528 524
f 524 528 526 522
f 523 527 529 525
f 522 526 527 523
usemtl fin
f 530 531 532
f 533 534 535
usemtl eye
f 537 539 538 536
f 540 542 543 541
f 539 543 542 538
f 538 542 540 536
f 537 541 543 539
f 536 540 541 537
usemtl shine
f 545 547 546 544
f 548 550 551 549
f 547 551 550 546
f 546 550 548 544
f 545 549 551 547
f 544 548 549 545
