# Conveyor Chef - Gull Body (low-poly, OBJ format; rename to .obj to open in Blender)
# X = bow, Y = up, Z = port. "#color" lines give each material its colour (r g b, 0-255).
#color white 250 250 252
#color grey 176 186 200
#color beak 250 190 50
#color eye 20 20 28
o Gull_Body
v 0.0000 0.1200 0.0000
v 0.0000 -0.1200 0.0000
v 0.1600 0.1039 0.0000
v 0.1294 0.1039 0.0353
v 0.0494 0.1039 0.0571
v -0.0494 0.1039 0.0571
v -0.1294 0.1039 0.0353
v -0.1600 0.1039 0.0000
v -0.1294 0.1039 -0.0353
v -0.0494 0.1039 -0.0571
v 0.0494 0.1039 -0.0571
v 0.1294 0.1039 -0.0353
v 0.2771 0.0600 0.0000
v 0.2242 0.0600 0.0611
v 0.0856 0.0600 0.0988
v -0.0856 0.0600 0.0988
v -0.2242 0.0600 0.0611
v -0.2771 0.0600 0.0000
v -0.2242 0.0600 -0.0611
v -0.0856 0.0600 -0.0988
v 0.0856 0.0600 -0.0988
v 0.2242 0.0600 -0.0611
v 0.3200 0.0000 0.0000
v 0.2589 0.0000 0.0705
v 0.0989 0.0000 0.1141
v -0.0989 0.0000 0.1141
v -0.2589 0.0000 0.0705
v -0.3200 0.0000 0.0000
v -0.2589 0.0000 -0.0705
v -0.0989 0.0000 -0.1141
v 0.0989 0.0000 -0.1141
v 0.2589 0.0000 -0.0705
v 0.2771 -0.0600 0.0000
v 0.2242 -0.0600 0.0611
v 0.0856 -0.0600 0.0988
v -0.0856 -0.0600 0.0988
v -0.2242 -0.0600 0.0611
v -0.2771 -0.0600 0.0000
v -0.2242 -0.0600 -0.0611
v -0.0856 -0.0600 -0.0988
v 0.0856 -0.0600 -0.0988
v 0.2242 -0.0600 -0.0611
v 0.1600 -0.1039 0.0000
v 0.1294 -0.1039 0.0353
v 0.0494 -0.1039 0.0571
v -0.0494 -0.1039 0.0571
v -0.1294 -0.1039 0.0353
v -0.1600 -0.1039 0.0000
v -0.1294 -0.1039 -0.0353
v -0.0494 -0.1039 -0.0571
v 0.0494 -0.1039 -0.0571
v 0.1294 -0.1039 -0.0353
v 0.3000 0.1600 0.0000
v 0.3000 -0.0200 0.0000
v 0.3588 0.1428 0.0000
v 0.3416 0.1428 0.0374
v 0.3000 0.1428 0.0529
v 0.2584 0.1428 0.0374
v 0.2412 0.1428 0.0000
v 0.2584 0.1428 -0.0374
v 0.3000 0.1428 -0.0529
v 0.3416 0.1428 -0.0374
v 0.3951 0.0978 0.0000
v 0.3672 0.0978 0.0605
v 0.3000 0.0978 0.0856
v 0.2328 0.0978 0.0605
v 0.2049 0.0978 0.0000
v 0.2328 0.0978 -0.0605
v 0.3000 0.0978 -0.0856
v 0.3672 0.0978 -0.0605
v 0.3951 0.0422 0.0000
v 0.3672 0.0422 0.0605
v 0.3000 0.0422 0.0856
v 0.2328 0.0422 0.0605
v 0.2049 0.0422 0.0000
v 0.2328 0.0422 -0.0605
v 0.3000 0.0422 -0.0856
v 0.3672 0.0422 -0.0605
v 0.3588 -0.0028 0.0000
v 0.3416 -0.0028 0.0374
v 0.3000 -0.0028 0.0529
v 0.2584 -0.0028 0.0374
v 0.2412 -0.0028 0.0000
v 0.2584 -0.0028 -0.0374
v 0.3000 -0.0028 -0.0529
v 0.3416 -0.0028 -0.0374
v 0.3800 0.0800 0.0250
v 0.3800 0.0500 -0.0250
v 0.5200 0.0500 0.0000
v 0.3800 0.0300 0.0000
v -0.2800 0.0200 0.0700
v -0.2800 0.0200 -0.0700
v -0.4600 0.0400 0.0000
v 0.3400 0.1000 0.0580
v 0.3400 0.1000 0.0820
v 0.3400 0.1300 0.0580
v 0.3400 0.1300 0.0820
v 0.3700 0.1000 0.0580
v 0.3700 0.1000 0.0820
v 0.3700 0.1300 0.0580
v 0.3700 0.1300 0.0820
v 0.3400 0.1000 -0.0820
v 0.3400 0.1000 -0.0580
v 0.3400 0.1300 -0.0820
v 0.3400 0.1300 -0.0580
v 0.3700 0.1000 -0.0820
v 0.3700 0.1000 -0.0580
v 0.3700 0.1300 -0.0820
v 0.3700 0.1300 -0.0580
usemtl white
f 1 4 3
f 2 43 44
f 3 4 14 13
f 13 14 24 23
f 23 24 34 33
f 33 34 44 43
f 1 5 4
f 2 44 45
f 4 5 15 14
f 14 15 25 24
f 24 25 35 34
f 34 35 45 44
f 1 6 5
f 2 45 46
f 5 6 16 15
f 15 16 26 25
f 25 26 36 35
f 35 36 46 45
f 1 7 6
f 2 46 47
f 6 7 17 16
f 16 17 27 26
f 26 27 37 36
f 36 37 47 46
f 1 8 7
f 2 47 48
f 7 8 18 17
f 17 18 28 27
f 27 28 38 37
f 37 38 48 47
f 1 9 8
f 2 48 49
f 8 9 19 18
f 18 19 29 28
f 28 29 39 38
f 38 39 49 48
f 1 10 9
f 2 49 50
f 9 10 20 19
f 19 20 30 29
f 29 30 40 39
f 39 40 50 49
f 1 11 10
f 2 50 51
f 10 11 21 20
f 20 21 31 30
f 30 31 41 40
f 40 41 51 50
f 1 12 11
f 2 51 52
f 11 12 22 21
f 21 22 32 31
f 31 32 42 41
f 41 42 52 51
f 1 3 12
f 2 52 43
f 12 3 13 22
f 22 13 23 32
f 32 23 33 42
f 42 33 43 52
f 53 56 55
f 54 79 80
f 55 56 64 63
f 63 64 72 71
f 71 72 80 79
f 53 57 56
f 54 80 81
f 56 57 65 64
f 64 65 73 72
f 72 73 81 80
f 53 58 57
f 54 81 82
f 57 58 66 65
f 65 66 74 73
f 73 74 82 81
f 53 59 58
f 54 82 83
f 58 59 67 66
f 66 67 75 74
f 74 75 83 82
f 53 60 59
f 54 83 84
f 59 60 68 67
f 67 68 76 75
f 75 76 84 83
f 53 61 60
f 54 84 85
f 60 61 69 68
f 68 69 77 76
f 76 77 85 84
f 53 62 61
f 54 85 86
f 61 62 70 69
f 69 70 78 77
f 77 78 86 85
f 53 55 62
f 54 86 79
f 62 55 63 70
f 70 63 71 78
f 78 71 79 86
usemtl beak
f 87 89 88
f 87 90 89
f 88 89 90
usemtl grey
f 91 92 93
usemtl eye
f 95 97 96 94
f 98 100 101 99
f 97 101 100 96
f 96 100 98 94
f 95 99 101 97
f 94 98 99 95
f 103 105 104 102
f 106 108 109 107
f 105 109 108 104
f 104 108 106 102
f 103 107 109 105
f 102 106 107 103
