# Conveyor Chef - Sailboat (low-poly, OBJ format; rename to .obj to open in Blender)
# X = bow, Y = up, Z = port. "#color" lines give each material its colour (r g b, 0-255).
#color rail 236 75 60
#color hull 158 92 48
#color bottom 90 52 32
#color deck 226 178 112
#color cabin 250 246 236
#color roof 214 70 58
#color mast 120 74 40
#color sail 252 248 236 doublesided
#color stripe 236 75 60 doublesided
#color flag 240 60 50 doublesided
#color window 70 140 200
o Sailboat
v -1.0000 0.2400 0.2925
v -1.0000 0.1742 0.2896
v -1.0000 -0.0020 0.2574
v -1.0000 -0.2000 0.1316
v -1.0000 -0.2000 -0.1316
v -1.0000 -0.0020 -0.2574
v -1.0000 0.1742 -0.2896
v -1.0000 0.2400 -0.2925
v -0.8000 0.2346 0.3115
v -0.8000 0.1692 0.3084
v -0.8000 -0.0044 0.2741
v -0.8000 -0.2000 0.1402
v -0.8000 -0.2000 -0.1402
v -0.8000 -0.0044 -0.2741
v -0.8000 0.1692 -0.3084
v -0.8000 0.2346 -0.3115
v -0.6000 0.2302 0.3298
v -0.6000 0.1651 0.3265
v -0.6000 -0.0064 0.2902
v -0.6000 -0.2000 0.1484
v -0.6000 -0.2000 -0.1484
v -0.6000 -0.0064 -0.2902
v -0.6000 0.1651 -0.3265
v -0.6000 0.2302 -0.3298
v -0.4000 0.2269 0.3467
v -0.4000 0.1620 0.3432
v -0.4000 -0.0079 0.3051
v -0.4000 -0.2000 0.1560
v -0.4000 -0.2000 -0.1560
v -0.4000 -0.0079 -0.3051
v -0.4000 0.1620 -0.3432
v -0.4000 0.2269 -0.3467
v -0.2000 0.2243 0.3614
v -0.2000 0.1596 0.3578
v -0.2000 -0.0091 0.3181
v -0.2000 -0.2000 0.1626
v -0.2000 -0.2000 -0.1626
v -0.2000 -0.0091 -0.3181
v -0.2000 0.1596 -0.3578
v -0.2000 0.2243 -0.3614
v 0.0000 0.2225 0.3736
v 0.0000 0.1579 0.3698
v 0.0000 -0.0099 0.3287
v 0.0000 -0.2000 0.1681
v 0.0000 -0.2000 -0.1681
v 0.0000 -0.0099 -0.3287
v 0.0000 0.1579 -0.3698
v 0.0000 0.2225 -0.3736
v 0.2000 0.2230 0.3900
v 0.2000 0.1584 0.3861
v 0.2000 -0.0096 0.3432
v 0.2000 -0.2000 0.1755
v 0.2000 -0.2000 -0.1755
v 0.2000 -0.0096 -0.3432
v 0.2000 0.1584 -0.3861
v 0.2000 0.2230 -0.3900
v 0.4000 0.2363 0.3661
v 0.4000 0.1707 0.3624
v 0.4000 -0.0037 0.3221
v 0.4000 -0.2000 0.1647
v 0.4000 -0.2000 -0.1647
v 0.4000 -0.0037 -0.3221
v 0.4000 0.1707 -0.3624
v 0.4000 0.2363 -0.3661
v 0.6000 0.2639 0.2956
v 0.6000 0.1997 0.2926
v 0.6000 0.0342 0.2601
v 0.6000 -0.1538 0.1330
v 0.6000 -0.1538 -0.1330
v 0.6000 0.0342 -0.2601
v 0.6000 0.1997 -0.2926
v 0.6000 0.2639 -0.2956
v 0.8000 0.3058 0.1809
v 0.8000 0.2451 0.1790
v 0.8000 0.1038 0.1592
v 0.8000 -0.0614 0.0814
v 0.8000 -0.0614 -0.0814
v 0.8000 0.1038 -0.1592
v 0.8000 0.2451 -0.1790
v 0.8000 0.3058 -0.1809
v 1.0000 0.3618 0.0000
v 1.0000 0.3036 0.0000
v 1.0000 0.1798 0.0000
v 1.0000 0.0310 0.0000
v 1.0000 0.0310 -0.0000
v 1.0000 0.1798 -0.0000
v 1.0000 0.3036 -0.0000
v 1.0000 0.3618 -0.0000
v -1.0000 0.2400 0.2925
v -1.0000 0.1742 0.2896
v -1.0000 -0.0020 0.2574
v -1.0000 -0.2000 0.1316
v -1.0000 -0.2000 -0.1316
v -1.0000 -0.0020 -0.2574
v -1.0000 0.1742 -0.2896
v -1.0000 0.2400 -0.2925
v -0.8000 0.2346 0.3115
v -0.8000 0.1692 0.3084
v -0.8000 -0.0044 0.2741
v -0.8000 -0.2000 0.1402
v -0.8000 -0.2000 -0.1402
v -0.8000 -0.0044 -0.2741
v -0.8000 0.1692 -0.3084
v -0.8000 0.2346 -0.3115
v -0.6000 0.2302 0.3298
v -0.6000 0.1651 0.3265
v -0.6000 -0.0064 0.2902
v -0.6000 -0.2000 0.1484
v -0.6000 -0.2000 -0.1484
v -0.6000 -0.0064 -0.2902
v -0.6000 0.1651 -0.3265
v -0.6000 0.2302 -0.3298
v -0.4000 0.2269 0.3467
v -0.4000 0.1620 0.3432
v -0.4000 -0.0079 0.3051
v -0.4000 -0.2000 0.1560
v -0.4000 -0.2000 -0.1560
v -0.4000 -0.0079 -0.3051
v -0.4000 0.1620 -0.3432
v -0.4000 0.2269 -0.3467
v -0.2000 0.2243 0.3614
v -0.2000 0.1596 0.3578
v -0.2000 -0.0091 0.3181
v -0.2000 -0.2000 0.1626
v -0.2000 -0.2000 -0.1626
v -0.2000 -0.0091 -0.3181
v -0.2000 0.1596 -0.3578
v -0.2000 0.2243 -0.3614
v 0.0000 0.2225 0.3736
v 0.0000 0.1579 0.3698
v 0.0000 -0.0099 0.3287
v 0.0000 -0.2000 0.1681
v 0.0000 -0.2000 -0.1681
v 0.0000 -0.0099 -0.3287
v 0.0000 0.1579 -0.3698
v 0.0000 0.2225 -0.3736
v 0.2000 0.2230 0.3900
v 0.2000 0.1584 0.3861
v 0.2000 -0.0096 0.3432
v 0.2000 -0.2000 0.1755
v 0.2000 -0.2000 -0.1755
v 0.2000 -0.0096 -0.3432
v 0.2000 0.1584 -0.3861
v 0.2000 0.2230 -0.3900
v 0.4000 0.2363 0.3661
v 0.4000 0.1707 0.3624
v 0.4000 -0.0037 0.3221
v 0.4000 -0.2000 0.1647
v 0.4000 -0.2000 -0.1647
v 0.4000 -0.0037 -0.3221
v 0.4000 0.1707 -0.3624
v 0.4000 0.2363 -0.3661
v 0.6000 0.2639 0.2956
v 0.6000 0.1997 0.2926
v 0.6000 0.0342 0.2601
v 0.6000 -0.1538 0.1330
v 0.6000 -0.1538 -0.1330
v 0.6000 0.0342 -0.2601
v 0.6000 0.1997 -0.2926
v 0.6000 0.2639 -0.2956
v 0.8000 0.3058 0.1809
v 0.8000 0.2451 0.1790
v 0.8000 0.1038 0.1592
v 0.8000 -0.0614 0.0814
v 0.8000 -0.0614 -0.0814
v 0.8000 0.1038 -0.1592
v 0.8000 0.2451 -0.1790
v 0.8000 0.3058 -0.1809
v 1.0000 0.3618 0.0000
v 1.0000 0.3036 0.0000
v 1.0000 0.1798 0.0000
v 1.0000 0.0310 0.0000
v 1.0000 0.0310 -0.0000
v 1.0000 0.1798 -0.0000
v 1.0000 0.3036 -0.0000
v 1.0000 0.3618 -0.0000
v -1.0000 0.2400 0.2925
v -1.0000 0.1742 0.2896
v -1.0000 -0.0020 0.2574
v -1.0000 -0.2000 0.1316
v -1.0000 -0.2000 -0.1316
v -1.0000 -0.0020 -0.2574
v -1.0000 0.1742 -0.2896
v -1.0000 0.2400 -0.2925
v -0.8000 0.2346 0.3115
v -0.8000 0.1692 0.3084
v -0.8000 -0.0044 0.2741
v -0.8000 -0.2000 0.1402
v -0.8000 -0.2000 -0.1402
v -0.8000 -0.0044 -0.2741
v -0.8000 0.1692 -0.3084
v -0.8000 0.2346 -0.3115
v -0.6000 0.2302 0.3298
v -0.6000 0.1651 0.3265
v -0.6000 -0.0064 0.2902
v -0.6000 -0.2000 0.1484
v -0.6000 -0.2000 -0.1484
v -0.6000 -0.0064 -0.2902
v -0.6000 0.1651 -0.3265
v -0.6000 0.2302 -0.3298
v -0.4000 0.2269 0.3467
v -0.4000 0.1620 0.3432
v -0.4000 -0.0079 0.3051
v -0.4000 -0.2000 0.1560
v -0.4000 -0.2000 -0.1560
v -0.4000 -0.0079 -0.3051
v -0.4000 0.1620 -0.3432
v -0.4000 0.2269 -0.3467
v -0.2000 0.2243 0.3614
v -0.2000 0.1596 0.3578
v -0.2000 -0.0091 0.3181
v -0.2000 -0.2000 0.1626
v -0.2000 -0.2000 -0.1626
v -0.2000 -0.0091 -0.3181
v -0.2000 0.1596 -0.3578
v -0.2000 0.2243 -0.3614
v 0.0000 0.2225 0.3736
v 0.0000 0.1579 0.3698
v 0.0000 -0.0099 0.3287
v 0.0000 -0.2000 0.1681
v 0.0000 -0.2000 -0.1681
v 0.0000 -0.0099 -0.3287
v 0.0000 0.1579 -0.3698
v 0.0000 0.2225 -0.3736
v 0.2000 0.2230 0.3900
v 0.2000 0.1584 0.3861
v 0.2000 -0.0096 0.3432
v 0.2000 -0.2000 0.1755
v 0.2000 -0.2000 -0.1755
v 0.2000 -0.0096 -0.3432
v 0.2000 0.1584 -0.3861
v 0.2000 0.2230 -0.3900
v 0.4000 0.2363 0.3661
v 0.4000 0.1707 0.3624
v 0.4000 -0.0037 0.3221
v 0.4000 -0.2000 0.1647
v 0.4000 -0.2000 -0.1647
v 0.4000 -0.0037 -0.3221
v 0.4000 0.1707 -0.3624
v 0.4000 0.2363 -0.3661
v 0.6000 0.2639 0.2956
v 0.6000 0.1997 0.2926
v 0.6000 0.0342 0.2601
v 0.6000 -0.1538 0.1330
v 0.6000 -0.1538 -0.1330
v 0.6000 0.0342 -0.2601
v 0.6000 0.1997 -0.2926
v 0.6000 0.2639 -0.2956
v 0.8000 0.3058 0.1809
v 0.8000 0.2451 0.1790
v 0.8000 0.1038 0.1592
v 0.8000 -0.0614 0.0814
v 0.8000 -0.0614 -0.0814
v 0.8000 0.1038 -0.1592
v 0.8000 0.2451 -0.1790
v 0.8000 0.3058 -0.1809
v 1.0000 0.3618 0.0000
v 1.0000 0.3036 0.0000
v 1.0000 0.1798 0.0000
v 1.0000 0.0310 0.0000
v 1.0000 0.0310 -0.0000
v 1.0000 0.1798 -0.0000
v 1.0000 0.3036 -0.0000
v 1.0000 0.3618 -0.0000
v -1.0000 0.2400 0.2925
v -1.0000 0.1742 0.2896
v -1.0000 -0.0020 0.2574
v -1.0000 -0.2000 0.1316
v -1.0000 -0.2000 -0.1316
v -1.0000 -0.0020 -0.2574
v -1.0000 0.1742 -0.2896
v -1.0000 0.2400 -0.2925
v -1.0000 0.1900 0.2425
v -1.0000 0.1900 -0.2425
v -0.8000 0.1846 0.2615
v -0.8000 0.1846 -0.2615
v -0.6000 0.1802 0.2798
v -0.6000 0.1802 -0.2798
v -0.4000 0.1769 0.2967
v -0.4000 0.1769 -0.2967
v -0.2000 0.1743 0.3114
v -0.2000 0.1743 -0.3114
v 0.0000 0.1725 0.3236
v 0.0000 0.1725 -0.3236
v 0.2000 0.1730 0.3400
v 0.2000 0.1730 -0.3400
v 0.4000 0.1863 0.3161
v 0.4000 0.1863 -0.3161
v 0.6000 0.2139 0.2456
v 0.6000 0.2139 -0.2456
v 0.8000 0.2558 0.1309
v 0.8000 0.2558 -0.1309
v 1.0000 0.3118 0.0000
v 1.0000 0.3118 -0.0000
v -1.0000 0.2400 0.2925
v -1.0000 0.1900 0.2425
v -0.8000 0.2346 0.3115
v -0.8000 0.1846 0.2615
v -0.6000 0.2302 0.3298
v -0.6000 0.1802 0.2798
v -0.4000 0.2269 0.3467
v -0.4000 0.1769 0.2967
v -0.2000 0.2243 0.3614
v -0.2000 0.1743 0.3114
v 0.0000 0.2225 0.3736
v 0.0000 0.1725 0.3236
v 0.2000 0.2230 0.3900
v 0.2000 0.1730 0.3400
v 0.4000 0.2363 0.3661
v 0.4000 0.1863 0.3161
v 0.6000 0.2639 0.2956
v 0.6000 0.2139 0.2456
v 0.8000 0.3058 0.1809
v 0.8000 0.2558 0.1309
v 1.0000 0.3618 0.0000
v 1.0000 0.3118 0.0000
v -1.0000 0.2400 -0.2925
v -1.0000 0.1900 -0.2425
v -0.8000 0.2346 -0.3115
v -0.8000 0.1846 -0.2615
v -0.6000 0.2302 -0.3298
v -0.6000 0.1802 -0.2798
v -0.4000 0.2269 -0.3467
v -0.4000 0.1769 -0.2967
v -0.2000 0.2243 -0.3614
v -0.2000 0.1743 -0.3114
v 0.0000 0.2225 -0.3736
v 0.0000 0.1725 -0.3236
v 0.2000 0.2230 -0.3900
v 0.2000 0.1730 -0.3400
v 0.4000 0.2363 -0.3661
v 0.4000 0.1863 -0.3161
v 0.6000 0.2639 -0.2956
v 0.6000 0.2139 -0.2456
v 0.8000 0.3058 -0.1809
v 0.8000 0.2558 -0.1309
v 1.0000 0.3618 -0.0000
v 1.0000 0.3118 -0.0000
v -0.7500 0.1800 -0.2000
v -0.7500 0.1800 0.2000
v -0.7500 0.4200 -0.2000
v -0.7500 0.4200 0.2000
v -0.2500 0.1800 -0.2000
v -0.2500 0.1800 0.2000
v -0.2500 0.4200 -0.2000
v -0.2500 0.4200 0.2000
v -0.8000 0.4200 -0.2500
v -0.8000 0.4200 0.2500
v -0.8000 0.4700 -0.2500
v -0.8000 0.4700 0.2500
v -0.2000 0.4200 -0.2500
v -0.2000 0.4200 0.2500
v -0.2000 0.4700 -0.2500
v -0.2000 0.4700 0.2500
v -0.6500 0.2700 0.2000
v -0.6500 0.2700 0.2050
v -0.6500 0.3600 0.2000
v -0.6500 0.3600 0.2050
v -0.5500 0.2700 0.2000
v -0.5500 0.2700 0.2050
v -0.5500 0.3600 0.2000
v -0.5500 0.3600 0.2050
v -0.6500 0.2700 -0.2050
v -0.6500 0.2700 -0.2000
v -0.6500 0.3600 -0.2050
v -0.6500 0.3600 -0.2000
v -0.5500 0.2700 -0.2050
v -0.5500 0.2700 -0.2000
v -0.5500 0.3600 -0.2050
v -0.5500 0.3600 -0.2000
v -0.4500 0.2700 0.2000
v -0.4500 0.2700 0.2050
v -0.4500 0.3600 0.2000
v -0.4500 0.3600 0.2050
v -0.3500 0.2700 0.2000
v -0.3500 0.2700 0.2050
v -0.3500 0.3600 0.2000
v -0.3500 0.3600 0.2050
v -0.4500 0.2700 -0.2050
v -0.4500 0.2700 -0.2000
v -0.4500 0.3600 -0.2050
v -0.4500 0.3600 -0.2000
v -0.3500 0.2700 -0.2050
v -0.3500 0.2700 -0.2000
v -0.3500 0.3600 -0.2050
v -0.3500 0.3600 -0.2000
v 0.0950 0.1800 0.0000
v 0.0725 0.1800 0.0390
v 0.0275 0.1800 0.0390
v 0.0050 0.1800 0.0000
v 0.0275 0.1800 -0.0390
v 0.0725 0.1800 -0.0390
v 0.0800 1.8500 0.0000
v 0.0650 1.8500 0.0260
v 0.0350 1.8500 0.0260
v 0.0200 1.8500 0.0000
v 0.0350 1.8500 -0.0260
v 0.0650 1.8500 -0.0260
v -0.3050 0.6200 0.0000
v -0.3300 0.6200 0.0250
v -0.3550 0.6200 0.0000
v -0.3300 0.6200 -0.0250
v -0.3050 0.6600 0.0000
v -0.3300 0.6600 0.0250
v -0.3550 0.6600 0.0000
v -0.3300 0.6600 -0.0250
v 0.0500 0.6800 0.0000
v -0.2833 0.6733 0.1386
v -0.6167 0.6667 0.1386
v -0.9500 0.6600 0.0000
v 0.0500 0.8667 0.0000
v -0.2278 0.8611 0.1220
v -0.5056 0.8556 0.1220
v -0.7833 0.8500 0.0000
v 0.0500 1.0533 0.0000
v -0.1722 1.0489 0.1043
v -0.3944 1.0444 0.1043
v -0.6167 1.0400 0.0000
v 0.0500 1.2400 0.0000
v -0.1167 1.2367 0.0853
v -0.2833 1.2333 0.0853
v -0.4500 1.2300 0.0000
v 0.0500 1.4267 0.0000
v -0.0611 1.4244 0.0642
v -0.1722 1.4222 0.0642
v -0.2833 1.4200 0.0000
v 0.0500 1.6133 0.0000
v -0.0056 1.6122 0.0395
v -0.0611 1.6111 0.0395
v -0.1167 1.6100 0.0000
v 0.0500 1.8000 0.0000
v 0.0500 1.8000 0.0000
v 0.0500 1.8000 0.0000
v 0.0500 1.8000 0.0000
v 0.0700 1.5500 0.0000
v 0.1300 0.4000 0.0000
v 0.9500 0.3600 0.0000
v 0.4600 0.9550 0.1000
v 0.0500 1.9200 0.0000
v 0.0500 1.7800 0.0000
v -0.3100 1.8600 0.0300
usemtl rail
f 1 2 10 9
f 7 8 16 15
f 9 10 18 17
f 15 16 24 23
f 17 18 26 25
f 23 24 32 31
f 25 26 34 33
f 31 32 40 39
f 33 34 42 41
f 39 40 48 47
f 41 42 50 49
f 47 48 56 55
f 49 50 58 57
f 55 56 64 63
f 57 58 66 65
f 63 64 72 71
f 65 66 74 73
f 71 72 80 79
f 73 74 82 81
f 79 80 88 87
usemtl hull
f 90 91 99 98
f 94 95 103 102
f 98 99 107 106
f 102 103 111 110
f 106 107 115 114
f 110 111 119 118
f 114 115 123 122
f 118 119 127 126
f 122 123 131 130
f 126 127 135 134
f 130 131 139 138
f 134 135 143 142
f 138 139 147 146
f 142 143 151 150
f 146 147 155 154
f 150 151 159 158
f 154 155 163 162
f 158 159 167 166
f 162 163 171 170
f 166 167 175 174
usemtl bottom
f 179 180 188 187
f 180 181 189 188
f 181 182 190 189
f 187 188 196 195
f 188 189 197 196
f 189 190 198 197
f 195 196 204 203
f 196 197 205 204
f 197 198 206 205
f 203 204 212 211
f 204 205 213 212
f 205 206 214 213
f 211 212 220 219
f 212 213 221 220
f 213 214 222 221
f 219 220 228 227
f 220 221 229 228
f 221 222 230 229
f 227 228 236 235
f 228 229 237 236
f 229 230 238 237
f 235 236 244 243
f 236 237 245 244
f 237 238 246 245
f 243 244 252 251
f 244 245 253 252
f 245 246 254 253
f 251 252 260 259
f 252 253 261 260
f 253 254 262 261
usemtl hull
f 272 271 270 269 268 267 266 265
usemtl deck
f 273 275 276 274
f 275 277 278 276
f 277 279 280 278
f 279 281 282 280
f 281 283 284 282
f 283 285 286 284
f 285 287 288 286
f 287 289 290 288
f 289 291 292 290
f 291 293 294 292
usemtl hull
f 295 297 298 296
f 297 299 300 298
f 299 301 302 300
f 301 303 304 302
f 303 305 306 304
f 305 307 308 306
f 307 309 310 308
f 309 311 312 310
f 311 313 314 312
f 313 315 316 314
f 318 320 319 317
f 320 322 321 319
f 322 324 323 321
f 324 326 325 323
f 326 328 327 325
f 328 330 329 327
f 330 332 331 329
f 332 334 333 331
f 334 336 335 333
f 336 338 337 335
usemtl cabin
f 340 342 341 339
f 343 345 346 344
f 342 346 345 341
f 341 345 343 339
f 340 344 346 342
usemtl roof
f 348 350 349 347
f 351 353 354 352
f 350 354 353 349
f 349 353 351 347
f 348 352 354 350
usemtl window
f 356 358 357 355
f 359 361 362 360
f 358 362 361 357
f 357 361 359 355
f 356 360 362 358
f 364 366 365 363
f 367 369 370 368
f 366 370 369 365
f 365 369 367 363
f 364 368 370 366
f 372 374 373 371
f 375 377 378 376
f 374 378 377 373
f 373 377 375 371
f 372 376 378 374
f 380 382 381 379
f 383 385 386 384
f 382 386 385 381
f 381 385 383 379
f 380 384 386 382
usemtl mast
f 393 394 388 387
f 394 395 389 388
f 395 396 390 389
f 396 397 391 390
f 397 398 392 391
f 398 393 387 392
f 398 397 396 395 394 393
f 403 404 400 399
f 404 405 401 400
f 405 406 402 401
f 406 403 399 402
usemtl sail
f 407 408 412 411
f 408 409 413 412
f 409 410 414 413
f 411 412 416 415
f 412 413 417 416
f 413 414 418 417
f 415 416 420 419
f 416 417 421 420
f 417 418 422 421
f 419 420 424 423
f 420 421 425 424
f 421 422 426 425
f 423 424 428 427
f 424 425 429 428
f 425 426 430 429
f 427 428 432 431
f 428 429 433 432
f 429 430 434 433
f 436 437 438
f 436 438 435
usemtl flag
f 439 440 441
