# Conveyor Chef - Steamship (low-poly, OBJ format; rename to .obj to open in Blender)
# X = bow, Y = up, Z = port. "#color" lines give each material its colour (r g b, 0-255).
#color rail 252 252 252
#color stripe 245 196 56
#color hull 38 66 138
#color bottom 200 52 48
#color plankA 222 178 116
#color plankB 208 164 104
#color wall 230 230 236
#color cabin 252 250 244
#color roof 220 66 56
#color window 52 112 186
#color funnel 228 60 50
#color ftop 36 36 44
#color fband 252 252 252
#color mast 110 70 40
#color boat 246 150 40
#color boatIn 250 240 220
#color flag 60 150 230 doublesided
#smoke -0.1800 1.4800 0.0000
o Steamship
v -1.1500 0.3550 0.3784
v -1.1500 0.3100 0.3822
v -1.1500 0.2650 0.3784
v -1.1500 0.0498 0.3519
v -1.1500 -0.1723 0.2346
v -1.1500 -0.2000 0.0681
v -1.1500 -0.2000 -0.0681
v -1.1500 -0.1723 -0.2346
v -1.1500 0.0498 -0.3519
v -1.1500 0.2650 -0.3784
v -1.1500 0.3100 -0.3822
v -1.1500 0.3550 -0.3784
v -1.0062 0.3470 0.3876
v -1.0062 0.3020 0.3914
v -1.0062 0.2570 0.3876
v -1.0062 0.0462 0.3604
v -1.0062 -0.1726 0.2403
v -1.0062 -0.2000 0.0698
v -1.0062 -0.2000 -0.0698
v -1.0062 -0.1726 -0.2403
v -1.0062 0.0462 -0.3604
v -1.0062 0.2570 -0.3876
v -1.0062 0.3020 -0.3914
v -1.0062 0.3470 -0.3876
v -0.8625 0.3405 0.3964
v -0.8625 0.2955 0.4004
v -0.8625 0.2505 0.3964
v -0.8625 0.0432 0.3687
v -0.8625 -0.1730 0.2458
v -0.8625 -0.2000 0.0714
v -0.8625 -0.2000 -0.0714
v -0.8625 -0.1730 -0.2458
v -0.8625 0.0432 -0.3687
v -0.8625 0.2505 -0.3964
v -0.8625 0.2955 -0.4004
v -0.8625 0.3405 -0.3964
v -0.7188 0.3353 0.4047
v -0.7188 0.2903 0.4088
v -0.7188 0.2453 0.4047
v -0.7188 0.0409 0.3764
v -0.7188 -0.1732 0.2509
v -0.7188 -0.2000 0.0729
v -0.7188 -0.2000 -0.0729
v -0.7188 -0.1732 -0.2509
v -0.7188 0.0409 -0.3764
v -0.7188 0.2453 -0.4047
v -0.7188 0.2903 -0.4088
v -0.7188 0.3353 -0.4047
v -0.5750 0.3311 0.4122
v -0.5750 0.2861 0.4163
v -0.5750 0.2411 0.4122
v -0.5750 0.0390 0.3833
v -0.5750 -0.1734 0.2556
v -0.5750 -0.2000 0.0742
v -0.5750 -0.2000 -0.0742
v -0.5750 -0.1734 -0.2556
v -0.5750 0.0390 -0.3833
v -0.5750 0.2411 -0.4122
v -0.5750 0.2861 -0.4163
v -0.5750 0.3311 -0.4122
v -0.4312 0.3278 0.4186
v -0.4312 0.2828 0.4228
v -0.4312 0.2378 0.4186
v -0.4312 0.0375 0.3893
v -0.4312 -0.1736 0.2595
v -0.4312 -0.2000 0.0753
v -0.4312 -0.2000 -0.0753
v -0.4312 -0.1736 -0.2595
v -0.4312 0.0375 -0.3893
v -0.4312 0.2378 -0.4186
v -0.4312 0.2828 -0.4228
v -0.4312 0.3278 -0.4186
v -0.2875 0.3253 0.4237
v -0.2875 0.2803 0.4279
v -0.2875 0.2353 0.4237
v -0.2875 0.0364 0.3940
v -0.2875 -0.1737 0.2627
v -0.2875 -0.2000 0.0763
v -0.2875 -0.2000 -0.0763
v -0.2875 -0.1737 -0.2627
v -0.2875 0.0364 -0.3940
v -0.2875 0.2353 -0.4237
v -0.2875 0.2803 -0.4279
v -0.2875 0.3253 -0.4237
v -0.1438 0.3235 0.4274
v -0.1438 0.2785 0.4316
v -0.1438 0.2335 0.4274
v -0.1438 0.0356 0.3974
v -0.1438 -0.1738 0.2650
v -0.1438 -0.2000 0.0769
v -0.1438 -0.2000 -0.0769
v -0.1438 -0.1738 -0.2650
v -0.1438 0.0356 -0.3974
v -0.1438 0.2335 -0.4274
v -0.1438 0.2785 -0.4316
v -0.1438 0.3235 -0.4274
v 0.0000 0.3222 0.4295
v 0.0000 0.2772 0.4338
v 0.0000 0.2322 0.4295
v 0.0000 0.0350 0.3994
v 0.0000 -0.1739 0.2663
v 0.0000 -0.2000 0.0773
v 0.0000 -0.2000 -0.0773
v 0.0000 -0.1739 -0.2663
v 0.0000 0.0350 -0.3994
v 0.0000 0.2322 -0.4295
v 0.0000 0.2772 -0.4338
v 0.0000 0.3222 -0.4295
v 0.1438 0.3213 0.4295
v 0.1438 0.2763 0.4338
v 0.1438 0.2313 0.4295
v 0.1438 0.0346 0.3995
v 0.1438 -0.1739 0.2663
v 0.1438 -0.2000 0.0773
v 0.1438 -0.2000 -0.0773
v 0.1438 -0.1739 -0.2663
v 0.1438 0.0346 -0.3995
v 0.1438 0.2313 -0.4295
v 0.1438 0.2763 -0.4338
v 0.1438 0.3213 -0.4295
v 0.2875 0.3212 0.4157
v 0.2875 0.2762 0.4199
v 0.2875 0.2312 0.4157
v 0.2875 0.0345 0.3866
v 0.2875 -0.1739 0.2577
v 0.2875 -0.2000 0.0748
v 0.2875 -0.2000 -0.0748
v 0.2875 -0.1739 -0.2577
v 0.2875 0.0345 -0.3866
v 0.2875 0.2312 -0.4157
v 0.2875 0.2762 -0.4199
v 0.2875 0.3212 -0.4157
v 0.4312 0.3261 0.3848
v 0.4312 0.2811 0.3886
v 0.4312 0.2361 0.3848
v 0.4312 0.0367 0.3579
v 0.4312 -0.1737 0.2386
v 0.4312 -0.2000 0.0693
v 0.4312 -0.2000 -0.0693
v 0.4312 -0.1737 -0.2386
v 0.4312 0.0367 -0.3579
v 0.4312 0.2361 -0.3848
v 0.4312 0.2811 -0.3886
v 0.4312 0.3261 -0.3848
v 0.5750 0.3370 0.3379
v 0.5750 0.2920 0.3413
v 0.5750 0.2470 0.3379
v 0.5750 0.0417 0.3142
v 0.5750 -0.1731 0.2095
v 0.5750 -0.2000 0.0608
v 0.5750 -0.2000 -0.0608
v 0.5750 -0.1731 -0.2095
v 0.5750 0.0417 -0.3142
v 0.5750 0.2470 -0.3379
v 0.5750 0.2920 -0.3413
v 0.5750 0.3370 -0.3379
v 0.7188 0.3539 0.2756
v 0.7188 0.3089 0.2783
v 0.7188 0.2639 0.2756
v 0.7188 0.0600 0.2563
v 0.7188 -0.1538 0.1709
v 0.7188 -0.1805 0.0496
v 0.7188 -0.1805 -0.0496
v 0.7188 -0.1538 -0.1709
v 0.7188 0.0600 -0.2563
v 0.7188 0.2639 -0.2756
v 0.7188 0.3089 -0.2783
v 0.7188 0.3539 -0.2756
v 0.8625 0.3767 0.1983
v 0.8625 0.3317 0.2003
v 0.8625 0.2867 0.1983
v 0.8625 0.1239 0.1844
v 0.8625 -0.0600 0.1229
v 0.8625 -0.0830 0.0357
v 0.8625 -0.0830 -0.0357
v 0.8625 -0.0600 -0.1229
v 0.8625 0.1239 -0.1844
v 0.8625 0.2867 -0.1983
v 0.8625 0.3317 -0.2003
v 0.8625 0.3767 -0.1983
v 1.0063 0.4054 0.1063
v 1.0063 0.3604 0.1074
v 1.0063 0.3154 0.1063
v 1.0063 0.1904 0.0989
v 1.0063 0.0340 0.0659
v 1.0063 0.0145 0.0191
v 1.0063 0.0145 -0.0191
v 1.0063 0.0340 -0.0659
v 1.0063 0.1904 -0.0989
v 1.0063 0.3154 -0.1063
v 1.0063 0.3604 -0.1074
v 1.0063 0.4054 -0.1063
v 1.1500 0.4400 0.0000
v 1.1500 0.3950 0.0000
v 1.1500 0.3500 0.0000
v 1.1500 0.2596 0.0000
v 1.1500 0.1284 0.0000
v 1.1500 0.1120 0.0000
v 1.1500 0.1120 -0.0000
v 1.1500 0.1284 -0.0000
v 1.1500 0.2596 -0.0000
v 1.1500 0.3500 -0.0000
v 1.1500 0.3950 -0.0000
v 1.1500 0.4400 -0.0000
v -1.1500 0.3550 0.3784
v -1.1500 0.3100 0.3822
v -1.1500 0.2650 0.3784
v -1.1500 0.0498 0.3519
v -1.1500 -0.1723 0.2346
v -1.1500 -0.2000 0.0681
v -1.1500 -0.2000 -0.0681
v -1.1500 -0.1723 -0.2346
v -1.1500 0.0498 -0.3519
v -1.1500 0.2650 -0.3784
v -1.1500 0.3100 -0.3822
v -1.1500 0.3550 -0.3784
v -1.0062 0.3470 0.3876
v -1.0062 0.3020 0.3914
v -1.0062 0.2570 0.3876
v -1.0062 0.0462 0.3604
v -1.0062 -0.1726 0.2403
v -1.0062 -0.2000 0.0698
v -1.0062 -0.2000 -0.0698
v -1.0062 -0.1726 -0.2403
v -1.0062 0.0462 -0.3604
v -1.0062 0.2570 -0.3876
v -1.0062 0.3020 -0.3914
v -1.0062 0.3470 -0.3876
v -0.8625 0.3405 0.3964
v -0.8625 0.2955 0.4004
v -0.8625 0.2505 0.3964
v -0.8625 0.0432 0.3687
v -0.8625 -0.1730 0.2458
v -0.8625 -0.2000 0.0714
v -0.8625 -0.2000 -0.0714
v -0.8625 -0.1730 -0.2458
v -0.8625 0.0432 -0.3687
v -0.8625 0.2505 -0.3964
v -0.8625 0.2955 -0.4004
v -0.8625 0.3405 -0.3964
v -0.7188 0.3353 0.4047
v -0.7188 0.2903 0.4088
v -0.7188 0.2453 0.4047
v -0.7188 0.0409 0.3764
v -0.7188 -0.1732 0.2509
v -0.7188 -0.2000 0.0729
v -0.7188 -0.2000 -0.0729
v -0.7188 -0.1732 -0.2509
v -0.7188 0.0409 -0.3764
v -0.7188 0.2453 -0.4047
v -0.7188 0.2903 -0.4088
v -0.7188 0.3353 -0.4047
v -0.5750 0.3311 0.4122
v -0.5750 0.2861 0.4163
v -0.5750 0.2411 0.4122
v -0.5750 0.0390 0.3833
v -0.5750 -0.1734 0.2556
v -0.5750 -0.2000 0.0742
v -0.5750 -0.2000 -0.0742
v -0.5750 -0.1734 -0.2556
v -0.5750 0.0390 -0.3833
v -0.5750 0.2411 -0.4122
v -0.5750 0.2861 -0.4163
v -0.5750 0.3311 -0.4122
v -0.4312 0.3278 0.4186
v -0.4312 0.2828 0.4228
v -0.4312 0.2378 0.4186
v -0.4312 0.0375 0.3893
v -0.4312 -0.1736 0.2595
v -0.4312 -0.2000 0.0753
v -0.4312 -0.2000 -0.0753
v -0.4312 -0.1736 -0.2595
v -0.4312 0.0375 -0.3893
v -0.4312 0.2378 -0.4186
v -0.4312 0.2828 -0.4228
v -0.4312 0.3278 -0.4186
v -0.2875 0.3253 0.4237
v -0.2875 0.2803 0.4279
v -0.2875 0.2353 0.4237
v -0.2875 0.0364 0.3940
v -0.2875 -0.1737 0.2627
v -0.2875 -0.2000 0.0763
v -0.2875 -0.2000 -0.0763
v -0.2875 -0.1737 -0.2627
v -0.2875 0.0364 -0.3940
v -0.2875 0.2353 -0.4237
v -0.2875 0.2803 -0.4279
v -0.2875 0.3253 -0.4237
v -0.1438 0.3235 0.4274
v -0.1438 0.2785 0.4316
v -0.1438 0.2335 0.4274
v -0.1438 0.0356 0.3974
v -0.1438 -0.1738 0.2650
v -0.1438 -0.2000 0.0769
v -0.1438 -0.2000 -0.0769
v -0.1438 -0.1738 -0.2650
v -0.1438 0.0356 -0.3974
v -0.1438 0.2335 -0.4274
v -0.1438 0.2785 -0.4316
v -0.1438 0.3235 -0.4274
v 0.0000 0.3222 0.4295
v 0.0000 0.2772 0.4338
v 0.0000 0.2322 0.4295
v 0.0000 0.0350 0.3994
v 0.0000 -0.1739 0.2663
v 0.0000 -0.2000 0.0773
v 0.0000 -0.2000 -0.0773
v 0.0000 -0.1739 -0.2663
v 0.0000 0.0350 -0.3994
v 0.0000 0.2322 -0.4295
v 0.0000 0.2772 -0.4338
v 0.0000 0.3222 -0.4295
v 0.1438 0.3213 0.4295
v 0.1438 0.2763 0.4338
v 0.1438 0.2313 0.4295
v 0.1438 0.0346 0.3995
v 0.1438 -0.1739 0.2663
v 0.1438 -0.2000 0.0773
v 0.1438 -0.2000 -0.0773
v 0.1438 -0.1739 -0.2663
v 0.1438 0.0346 -0.3995
v 0.1438 0.2313 -0.4295
v 0.1438 0.2763 -0.4338
v 0.1438 0.3213 -0.4295
v 0.2875 0.3212 0.4157
v 0.2875 0.2762 0.4199
v 0.2875 0.2312 0.4157
v 0.2875 0.0345 0.3866
v 0.2875 -0.1739 0.2577
v 0.2875 -0.2000 0.0748
v 0.2875 -0.2000 -0.0748
v 0.2875 -0.1739 -0.2577
v 0.2875 0.0345 -0.3866
v 0.2875 0.2312 -0.4157
v 0.2875 0.2762 -0.4199
v 0.2875 0.3212 -0.4157
v 0.4312 0.3261 0.3848
v 0.4312 0.2811 0.3886
v 0.4312 0.2361 0.3848
v 0.4312 0.0367 0.3579
v 0.4312 -0.1737 0.2386
v 0.4312 -0.2000 0.0693
v 0.4312 -0.2000 -0.0693
v 0.4312 -0.1737 -0.2386
v 0.4312 0.0367 -0.3579
v 0.4312 0.2361 -0.3848
v 0.4312 0.2811 -0.3886
v 0.4312 0.3261 -0.3848
v 0.5750 0.3370 0.3379
v 0.5750 0.2920 0.3413
v 0.5750 0.2470 0.3379
v 0.5750 0.0417 0.3142
v 0.5750 -0.1731 0.2095
v 0.5750 -0.2000 0.0608
v 0.5750 -0.2000 -0.0608
v 0.5750 -0.1731 -0.2095
v 0.5750 0.0417 -0.3142
v 0.5750 0.2470 -0.3379
v 0.5750 0.2920 -0.3413
v 0.5750 0.3370 -0.3379
v 0.7188 0.3539 0.2756
v 0.7188 0.3089 0.2783
v 0.7188 0.2639 0.2756
v 0.7188 0.0600 0.2563
v 0.7188 -0.1538 0.1709
v 0.7188 -0.1805 0.0496
v 0.7188 -0.1805 -0.0496
v 0.7188 -0.1538 -0.1709
v 0.7188 0.0600 -0.2563
v 0.7188 0.2639 -0.2756
v 0.7188 0.3089 -0.2783
v 0.7188 0.3539 -0.2756
v 0.8625 0.3767 0.1983
v 0.8625 0.3317 0.2003
v 0.8625 0.2867 0.1983
v 0.8625 0.1239 0.1844
v 0.8625 -0.0600 0.1229
v 0.8625 -0.0830 0.0357
v 0.8625 -0.0830 -0.0357
v 0.8625 -0.0600 -0.1229
v 0.8625 0.1239 -0.1844
v 0.8625 0.2867 -0.1983
v 0.8625 0.3317 -0.2003
v 0.8625 0.3767 -0.1983
v 1.0063 0.4054 0.1063
v 1.0063 0.3604 0.1074
v 1.0063 0.3154 0.1063
v 1.0063 0.1904 0.0989
v 1.0063 0.0340 0.0659
v 1.0063 0.0145 0.0191
v 1.0063 0.0145 -0.0191
v 1.0063 0.0340 -0.0659
v 1.0063 0.1904 -0.0989
v 1.0063 0.3154 -0.1063
v 1.0063 0.3604 -0.1074
v 1.0063 0.4054 -0.1063
v 1.1500 0.4400 0.0000
v 1.1500 0.3950 0.0000
v 1.1500 0.3500 0.0000
v 1.1500 0.2596 0.0000
v 1.1500 0.1284 0.0000
v 1.1500 0.1120 0.0000
v 1.1500 0.1120 -0.0000
v 1.1500 0.1284 -0.0000
v 1.1500 0.2596 -0.0000
v 1.1500 0.3500 -0.0000
v 1.1500 0.3950 -0.0000
v 1.1500 0.4400 -0.0000
v -1.1500 0.3550 0.3784
v -1.1500 0.3100 0.3822
v -1.1500 0.2650 0.3784
v -1.1500 0.0498 0.3519
v -1.1500 -0.1723 0.2346
v -1.1500 -0.2000 0.0681
v -1.1500 -0.2000 -0.0681
v -1.1500 -0.1723 -0.2346
v -1.1500 0.0498 -0.3519
v -1.1500 0.2650 -0.3784
v -1.1500 0.3100 -0.3822
v -1.1500 0.3550 -0.3784
v -1.0062 0.3470 0.3876
v -1.0062 0.3020 0.3914
v -1.0062 0.2570 0.3876
v -1.0062 0.0462 0.3604
v -1.0062 -0.1726 0.2403
v -1.0062 -0.2000 0.0698
v -1.0062 -0.2000 -0.0698
v -1.0062 -0.1726 -0.2403
v -1.0062 0.0462 -0.3604
v -1.0062 0.2570 -0.3876
v -1.0062 0.3020 -0.3914
v -1.0062 0.3470 -0.3876
v -0.8625 0.3405 0.3964
v -0.8625 0.2955 0.4004
v -0.8625 0.2505 0.3964
v -0.8625 0.0432 0.3687
v -0.8625 -0.1730 0.2458
v -0.8625 -0.2000 0.0714
v -0.8625 -0.2000 -0.0714
v -0.8625 -0.1730 -0.2458
v -0.8625 0.0432 -0.3687
v -0.8625 0.2505 -0.3964
v -0.8625 0.2955 -0.4004
v -0.8625 0.3405 -0.3964
v -0.7188 0.3353 0.4047
v -0.7188 0.2903 0.4088
v -0.7188 0.2453 0.4047
v -0.7188 0.0409 0.3764
v -0.7188 -0.1732 0.2509
v -0.7188 -0.2000 0.0729
v -0.7188 -0.2000 -0.0729
v -0.7188 -0.1732 -0.2509
v -0.7188 0.0409 -0.3764
v -0.7188 0.2453 -0.4047
v -0.7188 0.2903 -0.4088
v -0.7188 0.3353 -0.4047
v -0.5750 0.3311 0.4122
v -0.5750 0.2861 0.4163
v -0.5750 0.2411 0.4122
v -0.5750 0.0390 0.3833
v -0.5750 -0.1734 0.2556
v -0.5750 -0.2000 0.0742
v -0.5750 -0.2000 -0.0742
v -0.5750 -0.1734 -0.2556
v -0.5750 0.0390 -0.3833
v -0.5750 0.2411 -0.4122
v -0.5750 0.2861 -0.4163
v -0.5750 0.3311 -0.4122
v -0.4312 0.3278 0.4186
v -0.4312 0.2828 0.4228
v -0.4312 0.2378 0.4186
v -0.4312 0.0375 0.3893
v -0.4312 -0.1736 0.2595
v -0.4312 -0.2000 0.0753
v -0.4312 -0.2000 -0.0753
v -0.4312 -0.1736 -0.2595
v -0.4312 0.0375 -0.3893
v -0.4312 0.2378 -0.4186
v -0.4312 0.2828 -0.4228
v -0.4312 0.3278 -0.4186
v -0.2875 0.3253 0.4237
v -0.2875 0.2803 0.4279
v -0.2875 0.2353 0.4237
v -0.2875 0.0364 0.3940
v -0.2875 -0.1737 0.2627
v -0.2875 -0.2000 0.0763
v -0.2875 -0.2000 -0.0763
v -0.2875 -0.1737 -0.2627
v -0.2875 0.0364 -0.3940
v -0.2875 0.2353 -0.4237
v -0.2875 0.2803 -0.4279
v -0.2875 0.3253 -0.4237
v -0.1438 0.3235 0.4274
v -0.1438 0.2785 0.4316
v -0.1438 0.2335 0.4274
v -0.1438 0.0356 0.3974
v -0.1438 -0.1738 0.2650
v -0.1438 -0.2000 0.0769
v -0.1438 -0.2000 -0.0769
v -0.1438 -0.1738 -0.2650
v -0.1438 0.0356 -0.3974
v -0.1438 0.2335 -0.4274
v -0.1438 0.2785 -0.4316
v -0.1438 0.3235 -0.4274
v 0.0000 0.3222 0.4295
v 0.0000 0.2772 0.4338
v 0.0000 0.2322 0.4295
v 0.0000 0.0350 0.3994
v 0.0000 -0.1739 0.2663
v 0.0000 -0.2000 0.0773
v 0.0000 -0.2000 -0.0773
v 0.0000 -0.1739 -0.2663
v 0.0000 0.0350 -0.3994
v 0.0000 0.2322 -0.4295
v 0.0000 0.2772 -0.4338
v 0.0000 0.3222 -0.4295
v 0.1438 0.3213 0.4295
v 0.1438 0.2763 0.4338
v 0.1438 0.2313 0.4295
v 0.1438 0.0346 0.3995
v 0.1438 -0.1739 0.2663
v 0.1438 -0.2000 0.0773
v 0.1438 -0.2000 -0.0773
v 0.1438 -0.1739 -0.2663
v 0.1438 0.0346 -0.3995
v 0.1438 0.2313 -0.4295
v 0.1438 0.2763 -0.4338
v 0.1438 0.3213 -0.4295
v 0.2875 0.3212 0.4157
v 0.2875 0.2762 0.4199
v 0.2875 0.2312 0.4157
v 0.2875 0.0345 0.3866
v 0.2875 -0.1739 0.2577
v 0.2875 -0.2000 0.0748
v 0.2875 -0.2000 -0.0748
v 0.2875 -0.1739 -0.2577
v 0.2875 0.0345 -0.3866
v 0.2875 0.2312 -0.4157
v 0.2875 0.2762 -0.4199
v 0.2875 0.3212 -0.4157
v 0.4312 0.3261 0.3848
v 0.4312 0.2811 0.3886
v 0.4312 0.2361 0.3848
v 0.4312 0.0367 0.3579
v 0.4312 -0.1737 0.2386
v 0.4312 -0.2000 0.0693
v 0.4312 -0.2000 -0.0693
v 0.4312 -0.1737 -0.2386
v 0.4312 0.0367 -0.3579
v 0.4312 0.2361 -0.3848
v 0.4312 0.2811 -0.3886
v 0.4312 0.3261 -0.3848
v 0.5750 0.3370 0.3379
v 0.5750 0.2920 0.3413
v 0.5750 0.2470 0.3379
v 0.5750 0.0417 0.3142
v 0.5750 -0.1731 0.2095
v 0.5750 -0.2000 0.0608
v 0.5750 -0.2000 -0.0608
v 0.5750 -0.1731 -0.2095
v 0.5750 0.0417 -0.3142
v 0.5750 0.2470 -0.3379
v 0.5750 0.2920 -0.3413
v 0.5750 0.3370 -0.3379
v 0.7188 0.3539 0.2756
v 0.7188 0.3089 0.2783
v 0.7188 0.2639 0.2756
v 0.7188 0.0600 0.2563
v 0.7188 -0.1538 0.1709
v 0.7188 -0.1805 0.0496
v 0.7188 -0.1805 -0.0496
v 0.7188 -0.1538 -0.1709
v 0.7188 0.0600 -0.2563
v 0.7188 0.2639 -0.2756
v 0.7188 0.3089 -0.2783
v 0.7188 0.3539 -0.2756
v 0.8625 0.3767 0.1983
v 0.8625 0.3317 0.2003
v 0.8625 0.2867 0.1983
v 0.8625 0.1239 0.1844
v 0.8625 -0.0600 0.1229
v 0.8625 -0.0830 0.0357
v 0.8625 -0.0830 -0.0357
v 0.8625 -0.0600 -0.1229
v 0.8625 0.1239 -0.1844
v 0.8625 0.2867 -0.1983
v 0.8625 0.3317 -0.2003
v 0.8625 0.3767 -0.1983
v 1.0063 0.4054 0.1063
v 1.0063 0.3604 0.1074
v 1.0063 0.3154 0.1063
v 1.0063 0.1904 0.0989
v 1.0063 0.0340 0.0659
v 1.0063 0.0145 0.0191
v 1.0063 0.0145 -0.0191
v 1.0063 0.0340 -0.0659
v 1.0063 0.1904 -0.0989
v 1.0063 0.3154 -0.1063
v 1.0063 0.3604 -0.1074
v 1.0063 0.4054 -0.1063
v 1.1500 0.4400 0.0000
v 1.1500 0.3950 0.0000
v 1.1500 0.3500 0.0000
v 1.1500 0.2596 0.0000
v 1.1500 0.1284 0.0000
v 1.1500 0.1120 0.0000
v 1.1500 0.1120 -0.0000
v 1.1500 0.1284 -0.0000
v 1.1500 0.2596 -0.0000
v 1.1500 0.3500 -0.0000
v 1.1500 0.3950 -0.0000
v 1.1500 0.4400 -0.0000
v -1.1500 0.3550 0.3784
v -1.1500 0.3100 0.3822
v -1.1500 0.2650 0.3784
v -1.1500 0.0498 0.3519
v -1.1500 -0.1723 0.2346
v -1.1500 -0.2000 0.0681
v -1.1500 -0.2000 -0.0681
v -1.1500 -0.1723 -0.2346
v -1.1500 0.0498 -0.3519
v -1.1500 0.2650 -0.3784
v -1.1500 0.3100 -0.3822
v -1.1500 0.3550 -0.3784
v -1.0062 0.3470 0.3876
v -1.0062 0.3020 0.3914
v -1.0062 0.2570 0.3876
v -1.0062 0.0462 0.3604
v -1.0062 -0.1726 0.2403
v -1.0062 -0.2000 0.0698
v -1.0062 -0.2000 -0.0698
v -1.0062 -0.1726 -0.2403
v -1.0062 0.0462 -0.3604
v -1.0062 0.2570 -0.3876
v -1.0062 0.3020 -0.3914
v -1.0062 0.3470 -0.3876
v -0.8625 0.3405 0.3964
v -0.8625 0.2955 0.4004
v -0.8625 0.2505 0.3964
v -0.8625 0.0432 0.3687
v -0.8625 -0.1730 0.2458
v -0.8625 -0.2000 0.0714
v -0.8625 -0.2000 -0.0714
v -0.8625 -0.1730 -0.2458
v -0.8625 0.0432 -0.3687
v -0.8625 0.2505 -0.3964
v -0.8625 0.2955 -0.4004
v -0.8625 0.3405 -0.3964
v -0.7188 0.3353 0.4047
v -0.7188 0.2903 0.4088
v -0.7188 0.2453 0.4047
v -0.7188 0.0409 0.3764
v -0.7188 -0.1732 0.2509
v -0.7188 -0.2000 0.0729
v -0.7188 -0.2000 -0.0729
v -0.7188 -0.1732 -0.2509
v -0.7188 0.0409 -0.3764
v -0.7188 0.2453 -0.4047
v -0.7188 0.2903 -0.4088
v -0.7188 0.3353 -0.4047
v -0.5750 0.3311 0.4122
v -0.5750 0.2861 0.4163
v -0.5750 0.2411 0.4122
v -0.5750 0.0390 0.3833
v -0.5750 -0.1734 0.2556
v -0.5750 -0.2000 0.0742
v -0.5750 -0.2000 -0.0742
v -0.5750 -0.1734 -0.2556
v -0.5750 0.0390 -0.3833
v -0.5750 0.2411 -0.4122
v -0.5750 0.2861 -0.4163
v -0.5750 0.3311 -0.4122
v -0.4312 0.3278 0.4186
v -0.4312 0.2828 0.4228
v -0.4312 0.2378 0.4186
v -0.4312 0.0375 0.3893
v -0.4312 -0.1736 0.2595
v -0.4312 -0.2000 0.0753
v -0.4312 -0.2000 -0.0753
v -0.4312 -0.1736 -0.2595
v -0.4312 0.0375 -0.3893
v -0.4312 0.2378 -0.4186
v -0.4312 0.2828 -0.4228
v -0.4312 0.3278 -0.4186
v -0.2875 0.3253 0.4237
v -0.2875 0.2803 0.4279
v -0.2875 0.2353 0.4237
v -0.2875 0.0364 0.3940
v -0.2875 -0.1737 0.2627
v -0.2875 -0.2000 0.0763
v -0.2875 -0.2000 -0.0763
v -0.2875 -0.1737 -0.2627
v -0.2875 0.0364 -0.3940
v -0.2875 0.2353 -0.4237
v -0.2875 0.2803 -0.4279
v -0.2875 0.3253 -0.4237
v -0.1438 0.3235 0.4274
v -0.1438 0.2785 0.4316
v -0.1438 0.2335 0.4274
v -0.1438 0.0356 0.3974
v -0.1438 -0.1738 0.2650
v -0.1438 -0.2000 0.0769
v -0.1438 -0.2000 -0.0769
v -0.1438 -0.1738 -0.2650
v -0.1438 0.0356 -0.3974
v -0.1438 0.2335 -0.4274
v -0.1438 0.2785 -0.4316
v -0.1438 0.3235 -0.4274
v 0.0000 0.3222 0.4295
v 0.0000 0.2772 0.4338
v 0.0000 0.2322 0.4295
v 0.0000 0.0350 0.3994
v 0.0000 -0.1739 0.2663
v 0.0000 -0.2000 0.0773
v 0.0000 -0.2000 -0.0773
v 0.0000 -0.1739 -0.2663
v 0.0000 0.0350 -0.3994
v 0.0000 0.2322 -0.4295
v 0.0000 0.2772 -0.4338
v 0.0000 0.3222 -0.4295
v 0.1438 0.3213 0.4295
v 0.1438 0.2763 0.4338
v 0.1438 0.2313 0.4295
v 0.1438 0.0346 0.3995
v 0.1438 -0.1739 0.2663
v 0.1438 -0.2000 0.0773
v 0.1438 -0.2000 -0.0773
v 0.1438 -0.1739 -0.2663
v 0.1438 0.0346 -0.3995
v 0.1438 0.2313 -0.4295
v 0.1438 0.2763 -0.4338
v 0.1438 0.3213 -0.4295
v 0.2875 0.3212 0.4157
v 0.2875 0.2762 0.4199
v 0.2875 0.2312 0.4157
v 0.2875 0.0345 0.3866
v 0.2875 -0.1739 0.2577
v 0.2875 -0.2000 0.0748
v 0.2875 -0.2000 -0.0748
v 0.2875 -0.1739 -0.2577
v 0.2875 0.0345 -0.3866
v 0.2875 0.2312 -0.4157
v 0.2875 0.2762 -0.4199
v 0.2875 0.3212 -0.4157
v 0.4312 0.3261 0.3848
v 0.4312 0.2811 0.3886
v 0.4312 0.2361 0.3848
v 0.4312 0.0367 0.3579
v 0.4312 -0.1737 0.2386
v 0.4312 -0.2000 0.0693
v 0.4312 -0.2000 -0.0693
v 0.4312 -0.1737 -0.2386
v 0.4312 0.0367 -0.3579
v 0.4312 0.2361 -0.3848
v 0.4312 0.2811 -0.3886
v 0.4312 0.3261 -0.3848
v 0.5750 0.3370 0.3379
v 0.5750 0.2920 0.3413
v 0.5750 0.2470 0.3379
v 0.5750 0.0417 0.3142
v 0.5750 -0.1731 0.2095
v 0.5750 -0.2000 0.0608
v 0.5750 -0.2000 -0.0608
v 0.5750 -0.1731 -0.2095
v 0.5750 0.0417 -0.3142
v 0.5750 0.2470 -0.3379
v 0.5750 0.2920 -0.3413
v 0.5750 0.3370 -0.3379
v 0.7188 0.3539 0.2756
v 0.7188 0.3089 0.2783
v 0.7188 0.2639 0.2756
v 0.7188 0.0600 0.2563
v 0.7188 -0.1538 0.1709
v 0.7188 -0.1805 0.0496
v 0.7188 -0.1805 -0.0496
v 0.7188 -0.1538 -0.1709
v 0.7188 0.0600 -0.2563
v 0.7188 0.2639 -0.2756
v 0.7188 0.3089 -0.2783
v 0.7188 0.3539 -0.2756
v 0.8625 0.3767 0.1983
v 0.8625 0.3317 0.2003
v 0.8625 0.2867 0.1983
v 0.8625 0.1239 0.1844
v 0.8625 -0.0600 0.1229
v 0.8625 -0.0830 0.0357
v 0.8625 -0.0830 -0.0357
v 0.8625 -0.0600 -0.1229
v 0.8625 0.1239 -0.1844
v 0.8625 0.2867 -0.1983
v 0.8625 0.3317 -0.2003
v 0.8625 0.3767 -0.1983
v 1.0063 0.4054 0.1063
v 1.0063 0.3604 0.1074
v 1.0063 0.3154 0.1063
v 1.0063 0.1904 0.0989
v 1.0063 0.0340 0.0659
v 1.0063 0.0145 0.0191
v 1.0063 0.0145 -0.0191
v 1.0063 0.0340 -0.0659
v 1.0063 0.1904 -0.0989
v 1.0063 0.3154 -0.1063
v 1.0063 0.3604 -0.1074
v 1.0063 0.4054 -0.1063
v 1.1500 0.4400 0.0000
v 1.1500 0.3950 0.0000
v 1.1500 0.3500 0.0000
v 1.1500 0.2596 0.0000
v 1.1500 0.1284 0.0000
v 1.1500 0.1120 0.0000
v 1.1500 0.1120 -0.0000
v 1.1500 0.1284 -0.0000
v 1.1500 0.2596 -0.0000
v 1.1500 0.3500 -0.0000
v 1.1500 0.3950 -0.0000
v 1.1500 0.4400 -0.0000
v -1.1500 0.3550 0.3784
v -1.1500 0.3100 0.3822
v -1.1500 0.2650 0.3784
v -1.1500 0.0498 0.3519
v -1.1500 -0.1723 0.2346
v -1.1500 -0.2000 0.0681
v -1.1500 -0.2000 -0.0681
v -1.1500 -0.1723 -0.2346
v -1.1500 0.0498 -0.3519
v -1.1500 0.2650 -0.3784
v -1.1500 0.3100 -0.3822
v -1.1500 0.3550 -0.3784
v -1.1500 0.3050 -0.3284
v -1.1500 0.3050 -0.1970
v -1.0062 0.2970 -0.3376
v -1.0062 0.2970 -0.2025
v -0.8625 0.2905 -0.3464
v -0.8625 0.2905 -0.2079
v -0.7188 0.2853 -0.3547
v -0.7188 0.2853 -0.2128
v -0.5750 0.2811 -0.3622
v -0.5750 0.2811 -0.2173
v -0.4312 0.2778 -0.3686
v -0.4312 0.2778 -0.2211
v -0.2875 0.2753 -0.3737
v -0.2875 0.2753 -0.2242
v -0.1438 0.2735 -0.3774
v -0.1438 0.2735 -0.2264
v 0.0000 0.2722 -0.3795
v 0.0000 0.2722 -0.2277
v 0.1438 0.2713 -0.3795
v 0.1438 0.2713 -0.2277
v 0.2875 0.2712 -0.3657
v 0.2875 0.2712 -0.2194
v 0.4312 0.2761 -0.3348
v 0.4312 0.2761 -0.2009
v 0.5750 0.2870 -0.2879
v 0.5750 0.2870 -0.1727
v 0.7188 0.3039 -0.2256
v 0.7188 0.3039 -0.1353
v 0.8625 0.3267 -0.1483
v 0.8625 0.3267 -0.0890
v 1.0063 0.3554 -0.0563
v 1.0063 0.3554 -0.0338
v 1.1500 0.3900 -0.0000
v 1.1500 0.3900 -0.0000
v -1.1500 0.3050 -0.1970
v -1.1500 0.3050 -0.0657
v -1.0062 0.2970 -0.2025
v -1.0062 0.2970 -0.0675
v -0.8625 0.2905 -0.2079
v -0.8625 0.2905 -0.0693
v -0.7188 0.2853 -0.2128
v -0.7188 0.2853 -0.0709
v -0.5750 0.2811 -0.2173
v -0.5750 0.2811 -0.0724
v -0.4312 0.2778 -0.2211
v -0.4312 0.2778 -0.0737
v -0.2875 0.2753 -0.2242
v -0.2875 0.2753 -0.0747
v -0.1438 0.2735 -0.2264
v -0.1438 0.2735 -0.0755
v 0.0000 0.2722 -0.2277
v 0.0000 0.2722 -0.0759
v 0.1438 0.2713 -0.2277
v 0.1438 0.2713 -0.0759
v 0.2875 0.2712 -0.2194
v 0.2875 0.2712 -0.0731
v 0.4312 0.2761 -0.2009
v 0.4312 0.2761 -0.0670
v 0.5750 0.2870 -0.1727
v 0.5750 0.2870 -0.0576
v 0.7188 0.3039 -0.1353
v 0.7188 0.3039 -0.0451
v 0.8625 0.3267 -0.0890
v 0.8625 0.3267 -0.0297
v 1.0063 0.3554 -0.0338
v 1.0063 0.3554 -0.0113
v 1.1500 0.3900 -0.0000
v 1.1500 0.3900 -0.0000
v -1.1500 0.3050 -0.0657
v -1.1500 0.3050 0.0657
v -1.0062 0.2970 -0.0675
v -1.0062 0.2970 0.0675
v -0.8625 0.2905 -0.0693
v -0.8625 0.2905 0.0693
v -0.7188 0.2853 -0.0709
v -0.7188 0.2853 0.0709
v -0.5750 0.2811 -0.0724
v -0.5750 0.2811 0.0724
v -0.4312 0.2778 -0.0737
v -0.4312 0.2778 0.0737
v -0.2875 0.2753 -0.0747
v -0.2875 0.2753 0.0747
v -0.1438 0.2735 -0.0755
v -0.1438 0.2735 0.0755
v 0.0000 0.2722 -0.0759
v 0.0000 0.2722 0.0759
v 0.1438 0.2713 -0.0759
v 0.1438 0.2713 0.0759
v 0.2875 0.2712 -0.0731
v 0.2875 0.2712 0.0731
v 0.4312 0.2761 -0.0670
v 0.4312 0.2761 0.0670
v 0.5750 0.2870 -0.0576
v 0.5750 0.2870 0.0576
v 0.7188 0.3039 -0.0451
v 0.7188 0.3039 0.0451
v 0.8625 0.3267 -0.0297
v 0.8625 0.3267 0.0297
v 1.0063 0.3554 -0.0113
v 1.0063 0.3554 0.0113
v 1.1500 0.3900 -0.0000
v 1.1500 0.3900 0.0000
v -1.1500 0.3050 0.0657
v -1.1500 0.3050 0.1970
v -1.0062 0.2970 0.0675
v -1.0062 0.2970 0.2025
v -0.8625 0.2905 0.0693
v -0.8625 0.2905 0.2079
v -0.7188 0.2853 0.0709
v -0.7188 0.2853 0.2128
v -0.5750 0.2811 0.0724
v -0.5750 0.2811 0.2173
v -0.4312 0.2778 0.0737
v -0.4312 0.2778 0.2211
v -0.2875 0.2753 0.0747
v -0.2875 0.2753 0.2242
v -0.1438 0.2735 0.0755
v -0.1438 0.2735 0.2264
v 0.0000 0.2722 0.0759
v 0.0000 0.2722 0.2277
v 0.1438 0.2713 0.0759
v 0.1438 0.2713 0.2277
v 0.2875 0.2712 0.0731
v 0.2875 0.2712 0.2194
v 0.4312 0.2761 0.0670
v 0.4312 0.2761 0.2009
v 0.5750 0.2870 0.0576
v 0.5750 0.2870 0.1727
v 0.7188 0.3039 0.0451
v 0.7188 0.3039 0.1353
v 0.8625 0.3267 0.0297
v 0.8625 0.3267 0.0890
v 1.0063 0.3554 0.0113
v 1.0063 0.3554 0.0338
v 1.1500 0.3900 0.0000
v 1.1500 0.3900 0.0000
v -1.1500 0.3050 0.1970
v -1.1500 0.3050 0.3284
v -1.0062 0.2970 0.2025
v -1.0062 0.2970 0.3376
v -0.8625 0.2905 0.2079
v -0.8625 0.2905 0.3464
v -0.7188 0.2853 0.2128
v -0.7188 0.2853 0.3547
v -0.5750 0.2811 0.2173
v -0.5750 0.2811 0.3622
v -0.4312 0.2778 0.2211
v -0.4312 0.2778 0.3686
v -0.2875 0.2753 0.2242
v -0.2875 0.2753 0.3737
v -0.1438 0.2735 0.2264
v -0.1438 0.2735 0.3774
v 0.0000 0.2722 0.2277
v 0.0000 0.2722 0.3795
v 0.1438 0.2713 0.2277
v 0.1438 0.2713 0.3795
v 0.2875 0.2712 0.2194
v 0.2875 0.2712 0.3657
v 0.4312 0.2761 0.2009
v 0.4312 0.2761 0.3348
v 0.5750 0.2870 0.1727
v 0.5750 0.2870 0.2879
v 0.7188 0.3039 0.1353
v 0.7188 0.3039 0.2256
v 0.8625 0.3267 0.0890
v 0.8625 0.3267 0.1483
v 1.0063 0.3554 0.0338
v 1.0063 0.3554 0.0563
v 1.1500 0.3900 0.0000
v 1.1500 0.3900 0.0000
v -1.1500 0.3550 0.3784
v -1.1500 0.3050 0.3284
v -1.0062 0.3470 0.3876
v -1.0062 0.2970 0.3376
v -0.8625 0.3405 0.3964
v -0.8625 0.2905 0.3464
v -0.7188 0.3353 0.4047
v -0.7188 0.2853 0.3547
v -0.5750 0.3311 0.4122
v -0.5750 0.2811 0.3622
v -0.4312 0.3278 0.4186
v -0.4312 0.2778 0.3686
v -0.2875 0.3253 0.4237
v -0.2875 0.2753 0.3737
v -0.1438 0.3235 0.4274
v -0.1438 0.2735 0.3774
v 0.0000 0.3222 0.4295
v 0.0000 0.2722 0.3795
v 0.1438 0.3213 0.4295
v 0.1438 0.2713 0.3795
v 0.2875 0.3212 0.4157
v 0.2875 0.2712 0.3657
v 0.4312 0.3261 0.3848
v 0.4312 0.2761 0.3348
v 0.5750 0.3370 0.3379
v 0.5750 0.2870 0.2879
v 0.7188 0.3539 0.2756
v 0.7188 0.3039 0.2256
v 0.8625 0.3767 0.1983
v 0.8625 0.3267 0.1483
v 1.0063 0.4054 0.1063
v 1.0063 0.3554 0.0563
v 1.1500 0.4400 0.0000
v 1.1500 0.3900 0.0000
v -1.1500 0.3550 -0.3784
v -1.1500 0.3050 -0.3284
v -1.0062 0.3470 -0.3876
v -1.0062 0.2970 -0.3376
v -0.8625 0.3405 -0.3964
v -0.8625 0.2905 -0.3464
v -0.7188 0.3353 -0.4047
v -0.7188 0.2853 -0.3547
v -0.5750 0.3311 -0.4122
v -0.5750 0.2811 -0.3622
v -0.4312 0.3278 -0.4186
v -0.4312 0.2778 -0.3686
v -0.2875 0.3253 -0.4237
v -0.2875 0.2753 -0.3737
v -0.1438 0.3235 -0.4274
v -0.1438 0.2735 -0.3774
v 0.0000 0.3222 -0.4295
v 0.0000 0.2722 -0.3795
v 0.1438 0.3213 -0.4295
v 0.1438 0.2713 -0.3795
v 0.2875 0.3212 -0.4157
v 0.2875 0.2712 -0.3657
v 0.4312 0.3261 -0.3848
v 0.4312 0.2761 -0.3348
v 0.5750 0.3370 -0.3379
v 0.5750 0.2870 -0.2879
v 0.7188 0.3539 -0.2756
v 0.7188 0.3039 -0.2256
v 0.8625 0.3767 -0.1983
v 0.8625 0.3267 -0.1483
v 1.0063 0.4054 -0.1063
v 1.0063 0.3554 -0.0563
v 1.1500 0.4400 -0.0000
v 1.1500 0.3900 -0.0000
v -0.8500 0.2700 -0.3000
v -0.8500 0.2700 0.3000
v -0.8500 0.6200 -0.3000
v -0.8500 0.6200 0.3000
v 0.4200 0.2700 -0.3000
v 0.4200 0.2700 0.3000
v 0.4200 0.6200 -0.3000
v 0.4200 0.6200 0.3000
v -0.9000 0.6200 -0.3400
v -0.9000 0.6200 0.3400
v -0.9000 0.6600 -0.3400
v -0.9000 0.6600 0.3400
v 0.4700 0.6200 -0.3400
v 0.4700 0.6200 0.3400
v 0.4700 0.6600 -0.3400
v 0.4700 0.6600 0.3400
v -0.7750 0.4000 0.2940
v -0.7750 0.4000 0.3060
v -0.7750 0.5200 0.2940
v -0.7750 0.5200 0.3060
v -0.6650 0.4000 0.2940
v -0.6650 0.4000 0.3060
v -0.6650 0.5200 0.2940
v -0.6650 0.5200 0.3060
v -0.7750 0.4000 -0.3060
v -0.7750 0.4000 -0.2940
v -0.7750 0.5200 -0.3060
v -0.7750 0.5200 -0.2940
v -0.6650 0.4000 -0.3060
v -0.6650 0.4000 -0.2940
v -0.6650 0.5200 -0.3060
v -0.6650 0.5200 -0.2940
v -0.5710 0.4000 0.2940
v -0.5710 0.4000 0.3060
v -0.5710 0.5200 0.2940
v -0.5710 0.5200 0.3060
v -0.4610 0.4000 0.2940
v -0.4610 0.4000 0.3060
v -0.4610 0.5200 0.2940
v -0.4610 0.5200 0.3060
v -0.5710 0.4000 -0.3060
v -0.5710 0.4000 -0.2940
v -0.5710 0.5200 -0.3060
v -0.5710 0.5200 -0.2940
v -0.4610 0.4000 -0.3060
v -0.4610 0.4000 -0.2940
v -0.4610 0.5200 -0.3060
v -0.4610 0.5200 -0.2940
v -0.3670 0.4000 0.2940
v -0.3670 0.4000 0.3060
v -0.3670 0.5200 0.2940
v -0.3670 0.5200 0.3060
v -0.2570 0.4000 0.2940
v -0.2570 0.4000 0.3060
v -0.2570 0.5200 0.2940
v -0.2570 0.5200 0.3060
v -0.3670 0.4000 -0.3060
v -0.3670 0.4000 -0.2940
v -0.3670 0.5200 -0.3060
v -0.3670 0.5200 -0.2940
v -0.2570 0.4000 -0.3060
v -0.2570 0.4000 -0.2940
v -0.2570 0.5200 -0.3060
v -0.2570 0.5200 -0.2940
v -0.1630 0.4000 0.2940
v -0.1630 0.4000 0.3060
v -0.1630 0.5200 0.2940
v -0.1630 0.5200 0.3060
v -0.0530 0.4000 0.2940
v -0.0530 0.4000 0.3060
v -0.0530 0.5200 0.2940
v -0.0530 0.5200 0.3060
v -0.1630 0.4000 -0.3060
v -0.1630 0.4000 -0.2940
v -0.1630 0.5200 -0.3060
v -0.1630 0.5200 -0.2940
v -0.0530 0.4000 -0.3060
v -0.0530 0.4000 -0.2940
v -0.0530 0.5200 -0.3060
v -0.0530 0.5200 -0.2940
v 0.0410 0.4000 0.2940
v 0.0410 0.4000 0.3060
v 0.0410 0.5200 0.2940
v 0.0410 0.5200 0.3060
v 0.1510 0.4000 0.2940
v 0.1510 0.4000 0.3060
v 0.1510 0.5200 0.2940
v 0.1510 0.5200 0.3060
v 0.0410 0.4000 -0.3060
v 0.0410 0.4000 -0.2940
v 0.0410 0.5200 -0.3060
v 0.0410 0.5200 -0.2940
v 0.1510 0.4000 -0.3060
v 0.1510 0.4000 -0.2940
v 0.1510 0.5200 -0.3060
v 0.1510 0.5200 -0.2940
v 0.2450 0.4000 0.2940
v 0.2450 0.4000 0.3060
v 0.2450 0.5200 0.2940
v 0.2450 0.5200 0.3060
v 0.3550 0.4000 0.2940
v 0.3550 0.4000 0.3060
v 0.3550 0.5200 0.2940
v 0.3550 0.5200 0.3060
v 0.2450 0.4000 -0.3060
v 0.2450 0.4000 -0.2940
v 0.2450 0.5200 -0.3060
v 0.2450 0.5200 -0.2940
v 0.3550 0.4000 -0.3060
v 0.3550 0.4000 -0.2940
v 0.3550 0.5200 -0.3060
v 0.3550 0.5200 -0.2940
v 0.4200 0.4000 -0.2400
v 0.4200 0.4000 -0.1200
v 0.4200 0.5200 -0.2400
v 0.4200 0.5200 -0.1200
v 0.4280 0.4000 -0.2400
v 0.4280 0.4000 -0.1200
v 0.4280 0.5200 -0.2400
v 0.4280 0.5200 -0.1200
v 0.4200 0.4000 -0.0600
v 0.4200 0.4000 0.0600
v 0.4200 0.5200 -0.0600
v 0.4200 0.5200 0.0600
v 0.4280 0.4000 -0.0600
v 0.4280 0.4000 0.0600
v 0.4280 0.5200 -0.0600
v 0.4280 0.5200 0.0600
v 0.4200 0.4000 0.1200
v 0.4200 0.4000 0.2400
v 0.4200 0.5200 0.1200
v 0.4200 0.5200 0.2400
v 0.4280 0.4000 0.1200
v 0.4280 0.4000 0.2400
v 0.4280 0.5200 0.1200
v 0.4280 0.5200 0.2400
v -0.4500 0.6600 -0.2200
v -0.4500 0.6600 0.2200
v -0.4500 0.9200 -0.2200
v -0.4500 0.9200 0.2200
v 0.2200 0.6600 -0.2200
v 0.2200 0.6600 0.2200
v 0.2200 0.9200 -0.2200
v 0.2200 0.9200 0.2200
v 0.2200 0.7500 -0.1900
v 0.2200 0.7500 0.1900
v 0.2200 0.8500 -0.1900
v 0.2200 0.8500 0.1900
v 0.2280 0.7500 -0.1900
v 0.2280 0.7500 0.1900
v 0.2280 0.8500 -0.1900
v 0.2280 0.8500 0.1900
v -0.3500 0.7600 0.2140
v -0.3500 0.7600 0.2260
v -0.3500 0.8500 0.2140
v -0.3500 0.8500 0.2260
v 0.1500 0.7600 0.2140
v 0.1500 0.7600 0.2260
v 0.1500 0.8500 0.2140
v 0.1500 0.8500 0.2260
v -0.3500 0.7600 -0.2260
v -0.3500 0.7600 -0.2140
v -0.3500 0.8500 -0.2260
v -0.3500 0.8500 -0.2140
v 0.1500 0.7600 -0.2260
v 0.1500 0.7600 -0.2140
v 0.1500 0.8500 -0.2260
v 0.1500 0.8500 -0.2140
v -0.5000 0.9200 -0.2700
v -0.5000 0.9200 0.2700
v -0.5000 0.9600 -0.2700
v -0.5000 0.9600 0.2700
v 0.2800 0.9200 -0.2700
v 0.2800 0.9200 0.2700
v 0.2800 0.9600 -0.2700
v 0.2800 0.9600 0.2700
v -0.0400 0.9600 0.0000
v -0.0588 0.9600 0.0700
v -0.1100 0.9600 0.1212
v -0.1800 0.9600 0.1400
v -0.2500 0.9600 0.1212
v -0.3012 0.9600 0.0700
v -0.3200 0.9600 0.0000
v -0.3012 0.9600 -0.0700
v -0.2500 0.9600 -0.1212
v -0.1800 0.9600 -0.1400
v -0.1100 0.9600 -0.1212
v -0.0588 0.9600 -0.0700
v -0.0500 1.2400 0.0000
v -0.0674 1.2400 0.0650
v -0.1150 1.2400 0.1126
v -0.1800 1.2400 0.1300
v -0.2450 1.2400 0.1126
v -0.2926 1.2400 0.0650
v -0.3100 1.2400 0.0000
v -0.2926 1.2400 -0.0650
v -0.2450 1.2400 -0.1126
v -0.1800 1.2400 -0.1300
v -0.1150 1.2400 -0.1126
v -0.0674 1.2400 -0.0650
v -0.0500 1.2400 0.0000
v -0.0674 1.2400 0.0650
v -0.1150 1.2400 0.1126
v -0.1800 1.2400 0.1300
v -0.2450 1.2400 0.1126
v -0.2926 1.2400 0.0650
v -0.3100 1.2400 0.0000
v -0.2926 1.2400 -0.0650
v -0.2450 1.2400 -0.1126
v -0.1800 1.2400 -0.1300
v -0.1150 1.2400 -0.1126
v -0.0674 1.2400 -0.0650
v -0.0500 1.3100 0.0000
v -0.0674 1.3100 0.0650
v -0.1150 1.3100 0.1126
v -0.1800 1.3100 0.1300
v -0.2450 1.3100 0.1126
v -0.2926 1.3100 0.0650
v -0.3100 1.3100 0.0000
v -0.2926 1.3100 -0.0650
v -0.2450 1.3100 -0.1126
v -0.1800 1.3100 -0.1300
v -0.1150 1.3100 -0.1126
v -0.0674 1.3100 -0.0650
v -0.0500 1.3100 0.0000
v -0.0674 1.3100 0.0650
v -0.1150 1.3100 0.1126
v -0.1800 1.3100 0.1300
v -0.2450 1.3100 0.1126
v -0.2926 1.3100 0.0650
v -0.3100 1.3100 0.0000
v -0.2926 1.3100 -0.0650
v -0.2450 1.3100 -0.1126
v -0.1800 1.3100 -0.1300
v -0.1150 1.3100 -0.1126
v -0.0674 1.3100 -0.0650
v -0.0550 1.4200 0.0000
v -0.0717 1.4200 0.0625
v -0.1175 1.4200 0.1083
v -0.1800 1.4200 0.1250
v -0.2425 1.4200 0.1083
v -0.2883 1.4200 0.0625
v -0.3050 1.4200 0.0000
v -0.2883 1.4200 -0.0625
v -0.2425 1.4200 -0.1083
v -0.1800 1.4200 -0.1250
v -0.1175 1.4200 -0.1083
v -0.0717 1.4200 -0.0625
v -0.6000 0.7700 0.2800
v -0.6000 0.6700 0.2800
v -0.4869 0.7554 0.2800
v -0.5200 0.7554 0.3100
v -0.6000 0.7554 0.3224
v -0.6800 0.7554 0.3100
v -0.7131 0.7554 0.2800
v -0.6800 0.7554 0.2500
v -0.6000 0.7554 0.2376
v -0.5200 0.7554 0.2500
v -0.4400 0.7200 0.2800
v -0.4869 0.7200 0.3224
v -0.6000 0.7200 0.3400
v -0.7131 0.7200 0.3224
v -0.7600 0.7200 0.2800
v -0.7131 0.7200 0.2376
v -0.6000 0.7200 0.2200
v -0.4869 0.7200 0.2376
v -0.4869 0.6846 0.2800
v -0.5200 0.6846 0.3100
v -0.6000 0.6846 0.3224
v -0.6800 0.6846 0.3100
v -0.7131 0.6846 0.2800
v -0.6800 0.6846 0.2500
v -0.6000 0.6846 0.2376
v -0.5200 0.6846 0.2500
v -0.6000 0.7700 0.2800
v -0.6000 0.6700 0.2800
v -0.4869 0.7554 0.2800
v -0.5200 0.7554 0.3100
v -0.6000 0.7554 0.3224
v -0.6800 0.7554 0.3100
v -0.7131 0.7554 0.2800
v -0.6800 0.7554 0.2500
v -0.6000 0.7554 0.2376
v -0.5200 0.7554 0.2500
v -0.4400 0.7200 0.2800
v -0.4869 0.7200 0.3224
v -0.6000 0.7200 0.3400
v -0.7131 0.7200 0.3224
v -0.7600 0.7200 0.2800
v -0.7131 0.7200 0.2376
v -0.6000 0.7200 0.2200
v -0.4869 0.7200 0.2376
v -0.4869 0.6846 0.2800
v -0.5200 0.6846 0.3100
v -0.6000 0.6846 0.3224
v -0.6800 0.6846 0.3100
v -0.7131 0.6846 0.2800
v -0.6800 0.6846 0.2500
v -0.6000 0.6846 0.2376
v -0.5200 0.6846 0.2500
v -0.6000 0.7700 -0.2800
v -0.6000 0.6700 -0.2800
v -0.4869 0.7554 -0.2800
v -0.5200 0.7554 -0.2500
v -0.6000 0.7554 -0.2376
v -0.6800 0.7554 -0.2500
v -0.7131 0.7554 -0.2800
v -0.6800 0.7554 -0.3100
v -0.6000 0.7554 -0.3224
v -0.5200 0.7554 -0.3100
v -0.4400 0.7200 -0.2800
v -0.4869 0.7200 -0.2376
v -0.6000 0.7200 -0.2200
v -0.7131 0.7200 -0.2376
v -0.7600 0.7200 -0.2800
v -0.7131 0.7200 -0.3224
v -0.6000 0.7200 -0.3400
v -0.4869 0.7200 -0.3224
v -0.4869 0.6846 -0.2800
v -0.5200 0.6846 -0.2500
v -0.6000 0.6846 -0.2376
v -0.6800 0.6846 -0.2500
v -0.7131 0.6846 -0.2800
v -0.6800 0.6846 -0.3100
v -0.6000 0.6846 -0.3224
v -0.5200 0.6846 -0.3100
v -0.6000 0.7700 -0.2800
v -0.6000 0.6700 -0.2800
v -0.4869 0.7554 -0.2800
v -0.5200 0.7554 -0.2500
v -0.6000 0.7554 -0.2376
v -0.6800 0.7554 -0.2500
v -0.7131 0.7554 -0.2800
v -0.6800 0.7554 -0.3100
v -0.6000 0.7554 -0.3224
v -0.5200 0.7554 -0.3100
v -0.4400 0.7200 -0.2800
v -0.4869 0.7200 -0.2376
v -0.6000 0.7200 -0.2200
v -0.7131 0.7200 -0.2376
v -0.7600 0.7200 -0.2800
v -0.7131 0.7200 -0.3224
v -0.6000 0.7200 -0.3400
v -0.4869 0.7200 -0.3224
v -0.4869 0.6846 -0.2800
v -0.5200 0.6846 -0.2500
v -0.6000 0.6846 -0.2376
v -0.6800 0.6846 -0.2500
v -0.7131 0.6846 -0.2800
v -0.6800 0.6846 -0.3100
v -0.6000 0.6846 -0.3224
v -0.5200 0.6846 -0.3100
v 0.7420 0.3000 0.0000
v 0.7268 0.3000 0.0209
v 0.7022 0.3000 0.0129
v 0.7022 0.3000 -0.0129
v 0.7268 0.3000 -0.0209
v 0.7380 1.2000 0.0000
v 0.7256 1.2000 0.0171
v 0.7054 1.2000 0.0106
v 0.7054 1.2000 -0.0106
v 0.7256 1.2000 -0.0171
v 0.7200 1.1800 0.0000
v 0.7200 1.0600 0.0000
v 0.4800 1.1200 0.0300
usemtl rail
f 1 2 14 13
f 11 12 24 23
f 13 14 26 25
f 23 24 36 35
f 25 26 38 37
f 35 36 48 47
f 37 38 50 49
f 47 48 60 59
f 49 50 62 61
f 59 60 72 71
f 61 62 74 73
f 71 72 84 83
f 73 74 86 85
f 83 84 96 95
f 85 86 98 97
f 95 96 108 107
f 97 98 110 109
f 107 108 120 119
f 109 110 122 121
f 119 120 132 131
f 121 122 134 133
f 131 132 144 143
f 133 134 146 145
f 143 144 156 155
f 145 146 158 157
f 155 156 168 167
f 157 158 170 169
f 167 168 180 179
f 169 170 182 181
f 179 180 192 191
f 181 182 194 193
f 191 192 204 203
usemtl stripe
f 206 207 219 218
f 214 215 227 226
f 218 219 231 230
f 226 227 239 238
f 230 231 243 242
f 238 239 251 250
f 242 243 255 254
f 250 251 263 262
f 254 255 267 266
f 262 263 275 274
f 266 267 279 278
f 274 275 287 286
f 278 279 291 290
f 286 287 299 298
f 290 291 303 302
f 298 299 311 310
f 302 303 315 314
f 310 311 323 322
f 314 315 327 326
f 322 323 335 334
f 326 327 339 338
f 334 335 347 346
f 338 339 351 350
f 346 347 359 358
f 350 351 363 362
f 358 359 371 370
f 362 363 375 374
f 370 371 383 382
f 374 375 387 386
f 382 383 395 394
f 386 387 399 398
f 394 395 407 406
usemtl hull
f 411 412 424 423
f 417 418 430 429
f 423 424 436 435
f 429 430 442 441
f 435 436 448 447
f 441 442 454 453
f 447 448 460 459
f 453 454 466 465
f 459 460 472 471
f 465 466 478 477
f 471 472 484 483
f 477 478 490 489
f 483 484 496 495
f 489 490 502 501
f 495 496 508 507
f 501 502 514 513
f 507 508 520 519
f 513 514 526 525
f 519 520 532 531
f 525 526 538 537
f 531 532 544 543
f 537 538 550 549
f 543 544 556 555
f 549 550 562 561
f 555 556 568 567
f 561 562 574 573
f 567 568 580 579
f 573 574 586 585
f 579 580 592 591
f 585 586 598 597
f 591 592 604 603
f 597 598 610 609
usemtl bottom
f 616 617 629 628
f 617 618 630 629
f 618 619 631 630
f 619 620 632 631
f 620 621 633 632
f 628 629 641 640
f 629 630 642 641
f 630 631 643 642
f 631 632 644 643
f 632 633 645 644
f 640 641 653 652
f 641 642 654 653
f 642 643 655 654
f 643 644 656 655
f 644 645 657 656
f 652 653 665 664
f 653 654 666 665
f 654 655 667 666
f 655 656 668 667
f 656 657 669 668
f 664 665 677 676
f 665 666 678 677
f 666 667 679 678
f 667 668 680 679
f 668 669 681 680
f 676 677 689 688
f 677 678 690 689
f 678 679 691 690
f 679 680 692 691
f 680 681 693 692
f 688 689 701 700
f 689 690 702 701
f 690 691 703 702
f 691 692 704 703
f 692 693 705 704
f 700 701 713 712
f 701 702 714 713
f 702 703 715 714
f 703 704 716 715
f 704 705 717 716
f 712 713 725 724
f 713 714 726 725
f 714 715 727 726
f 715 716 728 727
f 716 717 729 728
f 724 725 737 736
f 725 726 738 737
f 726 727 739 738
f 727 728 740 739
f 728 729 741 740
f 736 737 749 748
f 737 738 750 749
f 738 739 751 750
f 739 740 752 751
f 740 741 753 752
f 748 749 761 760
f 749 750 762 761
f 750 751 763 762
f 751 752 764 763
f 752 753 765 764
f 760 761 773 772
f 761 762 774 773
f 762 763 775 774
f 763 764 776 775
f 764 765 777 776
f 772 773 785 784
f 773 774 786 785
f 774 775 787 786
f 775 776 788 787
f 776 777 789 788
f 784 785 797 796
f 785 786 798 797
f 786 787 799 798
f 787 788 800 799
f 788 789 801 800
f 796 797 809 808
f 797 798 810 809
f 798 799 811 810
f 799 800 812 811
f 800 801 813 812
usemtl hull
f 828 827 826 825 824 823 822 821 820 819 818 817
usemtl plankA
f 830 832 831 829
f 832 834 833 831
f 834 836 835 833
f 836 838 837 835
f 838 840 839 837
f 840 842 841 839
f 842 844 843 841
f 844 846 845 843
f 846 848 847 845
f 848 850 849 847
f 850 852 851 849
f 852 854 853 851
f 854 856 855 853
f 856 858 857 855
f 858 860 859 857
f 860 862 861 859
usemtl plankB
f 864 866 865 863
f 866 868 867 865
f 868 870 869 867
f 870 872 871 869
f 872 874 873 871
f 874 876 875 873
f 876 878 877 875
f 878 880 879 877
f 880 882 881 879
f 882 884 883 881
f 884 886 885 883
f 886 888 887 885
f 888 890 889 887
f 890 892 891 889
f 892 894 893 891
f 894 896 895 893
usemtl plankA
f 898 900 899 897
f 900 902 901 899
f 902 904 903 901
f 904 906 905 903
f 906 908 907 905
f 908 910 909 907
f 910 912 911 909
f 912 914 913 911
f 914 916 915 913
f 916 918 917 915
f 918 920 919 917
f 920 922 921 919
f 922 924 923 921
f 924 926 925 923
f 926 928 927 925
f 928 930 929 927
usemtl plankB
f 932 934 933 931
f 934 936 935 933
f 936 938 937 935
f 938 940 939 937
f 940 942 941 939
f 942 944 943 941
f 944 946 945 943
f 946 948 947 945
f 948 950 949 947
f 950 952 951 949
f 952 954 953 951
f 954 956 955 953
f 956 958 957 955
f 958 960 959 957
f 960 962 961 959
f 962 964 963 961
usemtl plankA
f 966 968 967 965
f 968 970 969 967
f 970 972 971 969
f 972 974 973 971
f 974 976 975 973
f 976 978 977 975
f 978 980 979 977
f 980 982 981 979
f 982 984 983 981
f 984 986 985 983
f 986 988 987 985
f 988 990 989 987
f 990 992 991 989
f 992 994 993 991
f 994 996 995 993
f 996 998 997 995
usemtl wall
f 999 1001 1002 1000
f 1001 1003 1004 1002
f 1003 1005 1006 1004
f 1005 1007 1008 1006
f 1007 1009 1010 1008
f 1009 1011 1012 1010
f 1011 1013 1014 1012
f 1013 1015 1016 1014
f 1015 1017 1018 1016
f 1017 1019 1020 1018
f 1019 1021 1022 1020
f 1021 1023 1024 1022
f 1023 1025 1026 1024
f 1025 1027 1028 1026
f 1027 1029 1030 1028
f 1029 1031 1032 1030
f 1034 1036 1035 1033
f 1036 1038 1037 1035
f 1038 1040 1039 1037
f 1040 1042 1041 1039
f 1042 1044 1043 1041
f 1044 1046 1045 1043
f 1046 1048 1047 1045
f 1048 1050 1049 1047
f 1050 1052 1051 1049
f 1052 1054 1053 1051
f 1054 1056 1055 1053
f 1056 1058 1057 1055
f 1058 1060 1059 1057
f 1060 1062 1061 1059
f 1062 1064 1063 1061
f 1064 1066 1065 1063
usemtl cabin
f 1068 1070 1069 1067
f 1071 1073 1074 1072
f 1070 1074 1073 1069
f 1069 1073 1071 1067
f 1068 1072 1074 1070
usemtl roof
f 1076 1078 1077 1075
f 1079 1081 1082 1080
f 1078 1082 1081 1077
f 1077 1081 1079 1075
f 1076 1080 1082 1078
usemtl window
f 1084 1086 1085 1083
f 1087 1089 1090 1088
f 1086 1090 1089 1085
f 1085 1089 1087 1083
f 1084 1088 1090 1086
f 1092 1094 1093 1091
f 1095 1097 1098 1096
f 1094 1098 1097 1093
f 1093 1097 1095 1091
f 1092 1096 1098 1094
f 1100 1102 1101 1099
f 1103 1105 1106 1104
f 1102 1106 1105 1101
f 1101 1105 1103 1099
f 1100 1104 1106 1102
f 1108 1110 1109 1107
f 1111 1113 1114 1112
f 1110 1114 1113 1109
f 1109 1113 1111 1107
f 1108 1112 1114 1110
f 1116 1118 1117 1115
f 1119 1121 1122 1120
f 1118 1122 1121 1117
f 1117 1121 1119 1115
f 1116 1120 1122 1118
f 1124 1126 1125 1123
f 1127 1129 1130 1128
f 1126 1130 1129 1125
f 1125 1129 1127 1123
f 1124 1128 1130 1126
f 1132 1134 1133 1131
f 1135 1137 1138 1136
f 1134 1138 1137 1133
f 1133 1137 1135 1131
f 1132 1136 1138 1134
f 1140 1142 1141 1139
f 1143 1145 1146 1144
f 1142 1146 1145 1141
f 1141 1145 1143 1139
f 1140 1144 1146 1142
f 1148 1150 1149 1147
f 1151 1153 1154 1152
f 1150 1154 1153 1149
f 1149 1153 1151 1147
f 1148 1152 1154 1150
f 1156 1158 1157 1155
f 1159 1161 1162 1160
f 1158 1162 1161 1157
f 1157 1161 1159 1155
f 1156 1160 1162 1158
f 1164 1166 1165 1163
f 1167 1169 1170 1168
f 1166 1170 1169 1165
f 1165 1169 1167 1163
f 1164 1168 1170 1166
f 1172 1174 1173 1171
f 1175 1177 1178 1176
f 1174 1178 1177 1173
f 1173 1177 1175 1171
f 1172 1176 1178 1174
f 1180 1182 1181 1179
f 1183 1185 1186 1184
f 1182 1186 1185 1181
f 1181 1185 1183 1179
f 1180 1184 1186 1182
f 1188 1190 1189 1187
f 1191 1193 1194 1192
f 1190 1194 1193 1189
f 1189 1193 1191 1187
f 1188 1192 1194 1190
f 1196 1198 1197 1195
f 1199 1201 1202 1200
f 1198 1202 1201 1197
f 1197 1201 1199 1195
f 1196 1200 1202 1198
usemtl cabin
f 1204 1206 1205 1203
f 1207 1209 1210 1208
f 1206 1210 1209 1205
f 1205 1209 1207 1203
f 1204 1208 1210 1206
usemtl window
f 1212 1214 1213 1211
f 1215 1217 1218 1216
f 1214 1218 1217 1213
f 1213 1217 1215 1211
f 1212 1216 1218 1214
f 1220 1222 1221 1219
f 1223 1225 1226 1224
f 1222 1226 1225 1221
f 1221 1225 1223 1219
f 1220 1224 1226 1222
f 1228 1230 1229 1227
f 1231 1233 1234 1232
f 1230 1234 1233 1229
f 1229 1233 1231 1227
f 1228 1232 1234 1230
usemtl roof
f 1236 1238 1237 1235
f 1239 1241 1242 1240
f 1238 1242 1241 1237
f 1237 1241 1239 1235
f 1236 1240 1242 1238
usemtl funnel
f 1255 1256 1244 1243
f 1256 1257 1245 1244
f 1257 1258 1246 1245
f 1258 1259 1247 1246
f 1259 1260 1248 1247
f 1260 1261 1249 1248
f 1261 1262 1250 1249
f 1262 1263 1251 1250
f 1263 1264 1252 1251
f 1264 1265 1253 1252
f 1265 1266 1254 1253
f 1266 1255 1243 1254
usemtl fband
f 1279 1280 1268 1267
f 1280 1281 1269 1268
f 1281 1282 1270 1269
f 1282 1283 1271 1270
f 1283 1284 1272 1271
f 1284 1285 1273 1272
f 1285 1286 1274 1273
f 1286 1287 1275 1274
f 1287 1288 1276 1275
f 1288 1289 1277 1276
f 1289 1290 1278 1277
f 1290 1279 1267 1278
usemtl ftop
f 1303 1304 1292 1291
f 1304 1305 1293 1292
f 1305 1306 1294 1293
f 1306 1307 1295 1294
f 1307 1308 1296 1295
f 1308 1309 1297 1296
f 1309 1310 1298 1297
f 1310 1311 1299 1298
f 1311 1312 1300 1299
f 1312 1313 1301 1300
f 1313 1314 1302 1301
f 1314 1303 1291 1302
f 1314 1313 1312 1311 1310 1309 1308 1307 1306 1305 1304 1303
usemtl boatIn
f 1315 1318 1317
f 1315 1319 1318
f 1315 1320 1319
f 1315 1321 1320
f 1315 1322 1321
f 1315 1323 1322
f 1315 1324 1323
f 1315 1317 1324
usemtl boat
f 1342 1359 1360
f 1343 1344 1352 1351
f 1351 1352 1360 1359
f 1342 1360 1361
f 1344 1345 1353 1352
f 1352 1353 1361 1360
f 1342 1361 1362
f 1345 1346 1354 1353
f 1353 1354 1362 1361
f 1342 1362 1363
f 1346 1347 1355 1354
f 1354 1355 1363 1362
f 1342 1363 1364
f 1347 1348 1356 1355
f 1355 1356 1364 1363
f 1342 1364 1365
f 1348 1349 1357 1356
f 1356 1357 1365 1364
f 1342 1365 1366
f 1349 1350 1358 1357
f 1357 1358 1366 1365
f 1342 1366 1359
f 1350 1343 1351 1358
f 1358 1351 1359 1366
usemtl boatIn
f 1367 1370 1369
f 1367 1371 1370
f 1367 1372 1371
f 1367 1373 1372
f 1367 1374 1373
f 1367 1375 1374
f 1367 1376 1375
f 1367 1369 1376
usemtl boat
f 1394 1411 1412
f 1395 1396 1404 1403
f 1403 1404 1412 1411
f 1394 1412 1413
f 1396 1397 1405 1404
f 1404 1405 1413 1412
f 1394 1413 1414
f 1397 1398 1406 1405
f 1405 1406 1414 1413
f 1394 1414 1415
f 1398 1399 1407 1406
f 1406 1407 1415 1414
f 1394 1415 1416
f 1399 1400 1408 1407
f 1407 1408 1416 1415
f 1394 1416 1417
f 1400 1401 1409 1408
f 1408 1409 1417 1416
f 1394 1417 1418
f 1401 1402 1410 1409
f 1409 1410 1418 1417
f 1394 1418 1411
f 1402 1395 1403 1410
f 1410 1403 1411 1418
usemtl mast
f 1424 1425 1420 1419
f 1425 1426 1421 1420
f 1426 1427 1422 1421
f 1427 1428 1423 1422
f 1428 1424 1419 1423
f 1428 1427 1426 1425 1424
usemtl flag
f 1429 1430 1431
