# Conveyor Chef - Whale (low-poly, OBJ format; rename to .obj to open in Blender)
# X = bow, Y = up, Z = port. "#color" lines give each material its colour (r g b, 0-255).
#color back 72 140 232
#color back2 64 128 220
#color belly 232 240 250
#color groove 206 220 240
#color eye 24 28 44
#color shine 255 255 255
#color cheek 248 150 170
#color mouth 40 60 120
#color fin 60 124 216 doublesided
#smoke 0.5000 0.7200 0.0000
o Whale
v -1.3000 0.1800 0.0756
v -1.3000 0.2068 0.0698
v -1.3000 0.2295 0.0535
v -1.3000 0.2447 0.0289
v -1.3000 0.2500 0.0000
v -1.3000 0.2447 -0.0289
v -1.3000 0.2295 -0.0535
v -1.3000 0.2068 -0.0698
v -1.3000 0.1800 -0.0756
v -1.3000 0.1580 -0.0698
v -1.3000 0.1394 -0.0535
v -1.3000 0.1270 -0.0289
v -1.3000 0.1226 -0.0000
v -1.3000 0.1270 0.0289
v -1.3000 0.1394 0.0535
v -1.3000 0.1580 0.0698
v -1.1833 0.1744 0.0938
v -1.1833 0.2076 0.0866
v -1.1833 0.2358 0.0663
v -1.1833 0.2546 0.0359
v -1.1833 0.2612 0.0000
v -1.1833 0.2546 -0.0359
v -1.1833 0.2358 -0.0663
v -1.1833 0.2076 -0.0866
v -1.1833 0.1744 -0.0938
v -1.1833 0.1472 -0.0866
v -1.1833 0.1241 -0.0663
v -1.1833 0.1086 -0.0359
v -1.1833 0.1032 -0.0000
v -1.1833 0.1086 0.0359
v -1.1833 0.1241 0.0663
v -1.1833 0.1472 0.0866
v -1.0667 0.1691 0.1188
v -1.0667 0.2112 0.1098
v -1.0667 0.2469 0.0840
v -1.0667 0.2708 0.0455
v -1.0667 0.2791 0.0000
v -1.0667 0.2708 -0.0455
v -1.0667 0.2469 -0.0840
v -1.0667 0.2112 -0.1098
v -1.0667 0.1691 -0.1188
v -1.0667 0.1346 -0.1098
v -1.0667 0.1053 -0.0840
v -1.0667 0.0858 -0.0455
v -1.0667 0.0789 -0.0000
v -1.0667 0.0858 0.0455
v -1.0667 0.1053 0.0840
v -1.0667 0.1346 0.1098
v -0.9500 0.1641 0.1474
v -0.9500 0.2163 0.1361
v -0.9500 0.2606 0.1042
v -0.9500 0.2901 0.0564
v -0.9500 0.3005 0.0000
v -0.9500 0.2901 -0.0564
v -0.9500 0.2606 -0.1042
v -0.9500 0.2163 -0.1361
v -0.9500 0.1641 -0.1474
v -0.9500 0.1213 -0.1361
v -0.9500 0.0850 -0.1042
v -0.9500 0.0607 -0.0564
v -0.9500 0.0522 -0.0000
v -0.9500 0.0607 0.0564
v -0.9500 0.0850 0.1042
v -0.9500 0.1213 0.1361
v -0.8333 0.1593 0.1784
v -0.8333 0.2225 0.1648
v -0.8333 0.2761 0.1262
v -0.8333 0.3119 0.0683
v -0.8333 0.3245 0.0000
v -0.8333 0.3119 -0.0683
v -0.8333 0.2761 -0.1262
v -0.8333 0.2225 -0.1648
v -0.8333 0.1593 -0.1784
v -0.8333 0.1075 -0.1648
v -0.8333 0.0635 -0.1262
v -0.8333 0.0342 -0.0683
v -0.8333 0.0239 -0.0000
v -0.8333 0.0342 0.0683
v -0.8333 0.0635 0.1262
v -0.8333 0.1075 0.1648
v -0.7167 0.1548 0.2115
v -0.7167 0.2298 0.1954
v -0.7167 0.2933 0.1495
v -0.7167 0.3357 0.0809
v -0.7167 0.3506 0.0000
v -0.7167 0.3357 -0.0809
v -0.7167 0.2933 -0.1495
v -0.7167 0.2298 -0.1954
v -0.7167 0.1548 -0.2115
v -0.7167 0.0934 -0.1954
v -0.7167 0.0413 -0.1495
v -0.7167 0.0065 -0.0809
v -0.7167 -0.0057 -0.0000
v -0.7167 0.0065 0.0809
v -0.7167 0.0413 0.1495
v -0.7167 0.0934 0.1954
v -0.6000 0.1506 0.2463
v -0.6000 0.2379 0.2275
v -0.6000 0.3118 0.1741
v -0.6000 0.3613 0.0942
v -0.6000 0.3786 0.0000
v -0.6000 0.3613 -0.0942
v -0.6000 0.3118 -0.1741
v -0.6000 0.2379 -0.2275
v -0.6000 0.1506 -0.2463
v -0.6000 0.0791 -0.2275
v -0.6000 0.0184 -0.1741
v -0.6000 -0.0221 -0.0942
v -0.6000 -0.0364 -0.0000
v -0.6000 -0.0221 0.0942
v -0.6000 0.0184 0.1741
v -0.6000 0.0791 0.2275
v -0.4833 0.1467 0.2825
v -0.4833 0.2468 0.2610
v -0.4833 0.3316 0.1998
v -0.4833 0.3883 0.1081
v -0.4833 0.4083 0.0000
v -0.4833 0.3883 -0.1081
v -0.4833 0.3316 -0.1998
v -0.4833 0.2468 -0.2610
v -0.4833 0.1467 -0.2825
v -0.4833 0.0646 -0.2610
v -0.4833 -0.0050 -0.1998
v -0.4833 -0.0515 -0.1081
v -0.4833 -0.0678 -0.0000
v -0.4833 -0.0515 0.1081
v -0.4833 -0.0050 0.1998
v -0.4833 0.0646 0.2610
v -0.3667 0.1430 0.3201
v -0.3667 0.2564 0.2957
v -0.3667 0.3526 0.2264
v -0.3667 0.4168 0.1225
v -0.3667 0.4394 0.0000
v -0.3667 0.4168 -0.1225
v -0.3667 0.3526 -0.2264
v -0.3667 0.2564 -0.2957
v -0.3667 0.1430 -0.3201
v -0.3667 0.0500 -0.2957
v -0.3667 -0.0289 -0.2264
v -0.3667 -0.0816 -0.1225
v -0.3667 -0.1001 -0.0000
v -0.3667 -0.0816 0.1225
v -0.3667 -0.0289 0.2264
v -0.3667 0.0500 0.2957
v -0.2500 0.1396 0.3589
v -0.2500 0.2668 0.3316
v -0.2500 0.3746 0.2538
v -0.2500 0.4466 0.1373
v -0.2500 0.4719 0.0000
v -0.2500 0.4466 -0.1373
v -0.2500 0.3746 -0.2538
v -0.2500 0.2668 -0.3316
v -0.2500 0.1396 -0.3589
v -0.2500 0.0353 -0.3316
v -0.2500 -0.0531 -0.2538
v -0.2500 -0.1122 -0.1373
v -0.2500 -0.1329 -0.0000
v -0.2500 -0.1122 0.1373
v -0.2500 -0.0531 0.2538
v -0.2500 0.0353 0.3316
v -0.1333 0.1365 0.3988
v -0.1333 0.2778 0.3684
v -0.1333 0.3975 0.2820
v -0.1333 0.4776 0.1526
v -0.1333 0.5057 0.0000
v -0.1333 0.4776 -0.1526
v -0.1333 0.3975 -0.2820
v -0.1333 0.2778 -0.3684
v -0.1333 0.1365 -0.3988
v -0.1333 0.0206 -0.3684
v -0.1333 -0.0776 -0.2820
v -0.1333 -0.1433 -0.1526
v -0.1333 -0.1663 -0.0000
v -0.1333 -0.1433 0.1526
v -0.1333 -0.0776 0.2820
v -0.1333 0.0206 0.3684
v -0.0167 0.1336 0.4397
v -0.0167 0.2894 0.4062
v -0.0167 0.4215 0.3109
v -0.0167 0.5097 0.1683
v -0.0167 0.5407 0.0000
v -0.0167 0.5097 -0.1683
v -0.0167 0.4215 -0.3109
v -0.0167 0.2894 -0.4062
v -0.0167 0.1336 -0.4397
v -0.0167 0.0059 -0.4062
v -0.0167 -0.1024 -0.3109
v -0.0167 -0.1748 -0.1683
v -0.0167 -0.2002 -0.0000
v -0.0167 -0.1748 0.1683
v -0.0167 -0.1024 0.3109
v -0.0167 0.0059 0.4062
v 0.1000 0.1310 0.4815
v 0.1000 0.3016 0.4448
v 0.1000 0.4463 0.3405
v 0.1000 0.5429 0.1843
v 0.1000 0.5768 0.0000
v 0.1000 0.5429 -0.1843
v 0.1000 0.4463 -0.3405
v 0.1000 0.3016 -0.4448
v 0.1000 0.1310 -0.4815
v 0.1000 -0.0089 -0.4448
v 0.1000 -0.1275 -0.3405
v 0.1000 -0.2067 -0.1843
v 0.1000 -0.2346 -0.0000
v 0.1000 -0.2067 0.1843
v 0.1000 -0.1275 0.3405
v 0.1000 -0.0089 0.4448
v 0.2167 0.1287 0.5242
v 0.2167 0.3145 0.4843
v 0.2167 0.4719 0.3707
v 0.2167 0.5771 0.2006
v 0.2167 0.6141 0.0000
v 0.2167 0.5771 -0.2006
v 0.2167 0.4719 -0.3707
v 0.2167 0.3145 -0.4843
v 0.2167 0.1287 -0.5242
v 0.2167 -0.0236 -0.4843
v 0.2167 -0.1527 -0.3707
v 0.2167 -0.2390 -0.2006
v 0.2167 -0.2693 -0.0000
v 0.2167 -0.2390 0.2006
v 0.2167 -0.1527 0.3707
v 0.2167 -0.0236 0.4843
v 0.3333 0.1267 0.5616
v 0.3333 0.3256 0.5188
v 0.3333 0.4943 0.3971
v 0.3333 0.6070 0.2149
v 0.3333 0.6466 0.0000
v 0.3333 0.6070 -0.2149
v 0.3333 0.4943 -0.3971
v 0.3333 0.3256 -0.5188
v 0.3333 0.1267 -0.5616
v 0.3333 -0.0365 -0.5188
v 0.3333 -0.1748 -0.3971
v 0.3333 -0.2672 -0.2149
v 0.3333 -0.2997 -0.0000
v 0.3333 -0.2672 0.2149
v 0.3333 -0.1748 0.3971
v 0.3333 -0.0365 0.5188
v 0.4500 0.1249 0.5566
v 0.4500 0.3221 0.5142
v 0.4500 0.4893 0.3936
v 0.4500 0.6011 0.2130
v 0.4500 0.6403 0.0000
v 0.4500 0.6011 -0.2130
v 0.4500 0.4893 -0.3936
v 0.4500 0.3221 -0.5142
v 0.4500 0.1249 -0.5566
v 0.4500 -0.0368 -0.5142
v 0.4500 -0.1739 -0.3936
v 0.4500 -0.2655 -0.2130
v 0.4500 -0.2977 -0.0000
v 0.4500 -0.2655 0.2130
v 0.4500 -0.1739 0.3936
v 0.4500 -0.0368 0.5142
v 0.5667 0.1234 0.5414
v 0.5667 0.3152 0.5002
v 0.5667 0.4779 0.3828
v 0.5667 0.5866 0.2072
v 0.5667 0.6247 0.0000
v 0.5667 0.5866 -0.2072
v 0.5667 0.4779 -0.3828
v 0.5667 0.3152 -0.5002
v 0.5667 0.1234 -0.5414
v 0.5667 -0.0339 -0.5002
v 0.5667 -0.1673 -0.3828
v 0.5667 -0.2564 -0.2072
v 0.5667 -0.2877 -0.0000
v 0.5667 -0.2564 0.2072
v 0.5667 -0.1673 0.3828
v 0.5667 -0.0339 0.5002
v 0.6833 0.1222 0.5135
v 0.6833 0.3041 0.4744
v 0.6833 0.4584 0.3631
v 0.6833 0.5614 0.1965
v 0.6833 0.5976 0.0000
v 0.6833 0.5614 -0.1965
v 0.6833 0.4584 -0.3631
v 0.6833 0.3041 -0.4744
v 0.6833 0.1222 -0.5135
v 0.6833 -0.0270 -0.4744
v 0.6833 -0.1535 -0.3631
v 0.6833 -0.2380 -0.1965
v 0.6833 -0.2677 -0.0000
v 0.6833 -0.2380 0.1965
v 0.6833 -0.1535 0.3631
v 0.6833 -0.0270 0.4744
v 0.8000 0.1212 0.4694
v 0.8000 0.2875 0.4336
v 0.8000 0.4285 0.3319
v 0.8000 0.5227 0.1796
v 0.8000 0.5558 0.0000
v 0.8000 0.5227 -0.1796
v 0.8000 0.4285 -0.3319
v 0.8000 0.2875 -0.4336
v 0.8000 0.1212 -0.4694
v 0.8000 -0.0152 -0.4336
v 0.8000 -0.1308 -0.3319
v 0.8000 -0.2080 -0.1796
v 0.8000 -0.2351 -0.0000
v 0.8000 -0.2080 0.1796
v 0.8000 -0.1308 0.3319
v 0.8000 -0.0152 0.4336
v 0.9167 0.1205 0.4029
v 0.9167 0.2633 0.3722
v 0.9167 0.3843 0.2849
v 0.9167 0.4652 0.1542
v 0.9167 0.4936 0.0000
v 0.9167 0.4652 -0.1542
v 0.9167 0.3843 -0.2849
v 0.9167 0.2633 -0.3722
v 0.9167 0.1205 -0.4029
v 0.9167 0.0035 -0.3722
v 0.9167 -0.0958 -0.2849
v 0.9167 -0.1621 -0.1542
v 0.9167 -0.1854 -0.0000
v 0.9167 -0.1621 0.1542
v 0.9167 -0.0958 0.2849
v 0.9167 0.0035 0.3722
v 1.0333 0.1201 0.2985
v 1.0333 0.2259 0.2758
v 1.0333 0.3156 0.2111
v 1.0333 0.3755 0.1142
v 1.0333 0.3965 0.0000
v 1.0333 0.3755 -0.1142
v 1.0333 0.3156 -0.2111
v 1.0333 0.2259 -0.2758
v 1.0333 0.1201 -0.2985
v 1.0333 0.0334 -0.2758
v 1.0333 -0.0401 -0.2111
v 1.0333 -0.0892 -0.1142
v 1.0333 -0.1065 -0.0000
v 1.0333 -0.0892 0.1142
v 1.0333 -0.0401 0.2111
v 1.0333 0.0334 0.2758
v 1.1500 0.1200 0.0130
v 1.1500 0.1246 0.0120
v 1.1500 0.1285 0.0092
v 1.1500 0.1311 0.0050
v 1.1500 0.1320 0.0000
v 1.1500 0.1311 -0.0050
v 1.1500 0.1285 -0.0092
v 1.1500 0.1246 -0.0120
v 1.1500 0.1200 -0.0130
v 1.1500 0.1162 -0.0120
v 1.1500 0.1130 -0.0092
v 1.1500 0.1109 -0.0050
v 1.1500 0.1102 -0.0000
v 1.1500 0.1109 0.0050
v 1.1500 0.1130 0.0092
v 1.1500 0.1162 0.0120
v -1.3000 0.1800 0.0756
v -1.3000 0.2068 0.0698
v -1.3000 0.2295 0.0535
v -1.3000 0.2447 0.0289
v -1.3000 0.2500 0.0000
v -1.3000 0.2447 -0.0289
v -1.3000 0.2295 -0.0535
v -1.3000 0.2068 -0.0698
v -1.3000 0.1800 -0.0756
v -1.3000 0.1580 -0.0698
v -1.3000 0.1394 -0.0535
v -1.3000 0.1270 -0.0289
v -1.3000 0.1226 -0.0000
v -1.3000 0.1270 0.0289
v -1.3000 0.1394 0.0535
v -1.3000 0.1580 0.0698
v -1.1833 0.1744 0.0938
v -1.1833 0.2076 0.0866
v -1.1833 0.2358 0.0663
v -1.1833 0.2546 0.0359
v -1.1833 0.2612 0.0000
v -1.1833 0.2546 -0.0359
v -1.1833 0.2358 -0.0663
v -1.1833 0.2076 -0.0866
v -1.1833 0.1744 -0.0938
v -1.1833 0.1472 -0.0866
v -1.1833 0.1241 -0.0663
v -1.1833 0.1086 -0.0359
v -1.1833 0.1032 -0.0000
v -1.1833 0.1086 0.0359
v -1.1833 0.1241 0.0663
v -1.1833 0.1472 0.0866
v -1.0667 0.1691 0.1188
v -1.0667 0.2112 0.1098
v -1.0667 0.2469 0.0840
v -1.0667 0.2708 0.0455
v -1.0667 0.2791 0.0000
v -1.0667 0.2708 -0.0455
v -1.0667 0.2469 -0.0840
v -1.0667 0.2112 -0.1098
v -1.0667 0.1691 -0.1188
v -1.0667 0.1346 -0.1098
v -1.0667 0.1053 -0.0840
v -1.0667 0.0858 -0.0455
v -1.0667 0.0789 -0.0000
v -1.0667 0.0858 0.0455
v -1.0667 0.1053 0.0840
v -1.0667 0.1346 0.1098
v -0.9500 0.1641 0.1474
v -0.9500 0.2163 0.1361
v -0.9500 0.2606 0.1042
v -0.9500 0.2901 0.0564
v -0.9500 0.3005 0.0000
v -0.9500 0.2901 -0.0564
v -0.9500 0.2606 -0.1042
v -0.9500 0.2163 -0.1361
v -0.9500 0.1641 -0.1474
v -0.9500 0.1213 -0.1361
v -0.9500 0.0850 -0.1042
v -0.9500 0.0607 -0.0564
v -0.9500 0.0522 -0.0000
v -0.9500 0.0607 0.0564
v -0.9500 0.0850 0.1042
v -0.9500 0.1213 0.1361
v -0.8333 0.1593 0.1784
v -0.8333 0.2225 0.1648
v -0.8333 0.2761 0.1262
v -0.8333 0.3119 0.0683
v -0.8333 0.3245 0.0000
v -0.8333 0.3119 -0.0683
v -0.8333 0.2761 -0.1262
v -0.8333 0.2225 -0.1648
v -0.8333 0.1593 -0.1784
v -0.8333 0.1075 -0.1648
v -0.8333 0.0635 -0.1262
v -0.8333 0.0342 -0.0683
v -0.8333 0.0239 -0.0000
v -0.8333 0.0342 0.0683
v -0.8333 0.0635 0.1262
v -0.8333 0.1075 0.1648
v -0.7167 0.1548 0.2115
v -0.7167 0.2298 0.1954
v -0.7167 0.2933 0.1495
v -0.7167 0.3357 0.0809
v -0.7167 0.3506 0.0000
v -0.7167 0.3357 -0.0809
v -0.7167 0.2933 -0.1495
v -0.7167 0.2298 -0.1954
v -0.7167 0.1548 -0.2115
v -0.7167 0.0934 -0.1954
v -0.7167 0.0413 -0.1495
v -0.7167 0.0065 -0.0809
v -0.7167 -0.0057 -0.0000
v -0.7167 0.0065 0.0809
v -0.7167 0.0413 0.1495
v -0.7167 0.0934 0.1954
v -0.6000 0.1506 0.2463
v -0.6000 0.2379 0.2275
v -0.6000 0.3118 0.1741
v -0.6000 0.3613 0.0942
v -0.6000 0.3786 0.0000
v -0.6000 0.3613 -0.0942
v -0.6000 0.3118 -0.1741
v -0.6000 0.2379 -0.2275
v -0.6000 0.1506 -0.2463
v -0.6000 0.0791 -0.2275
v -0.6000 0.0184 -0.1741
v -0.6000 -0.0221 -0.0942
v -0.6000 -0.0364 -0.0000
v -0.6000 -0.0221 0.0942
v -0.6000 0.0184 0.1741
v -0.6000 0.0791 0.2275
v -0.4833 0.1467 0.2825
v -0.4833 0.2468 0.2610
v -0.4833 0.3316 0.1998
v -0.4833 0.3883 0.1081
v -0.4833 0.4083 0.0000
v -0.4833 0.3883 -0.1081
v -0.4833 0.3316 -0.1998
v -0.4833 0.2468 -0.2610
v -0.4833 0.1467 -0.2825
v -0.4833 0.0646 -0.2610
v -0.4833 -0.0050 -0.1998
v -0.4833 -0.0515 -0.1081
v -0.4833 -0.0678 -0.0000
v -0.4833 -0.0515 0.1081
v -0.4833 -0.0050 0.1998
v -0.4833 0.0646 0.2610
v -0.3667 0.1430 0.3201
v -0.3667 0.2564 0.2957
v -0.3667 0.3526 0.2264
v -0.3667 0.4168 0.1225
v -0.3667 0.4394 0.0000
v -0.3667 0.4168 -0.1225
v -0.3667 0.3526 -0.2264
v -0.3667 0.2564 -0.2957
v -0.3667 0.1430 -0.3201
v -0.3667 0.0500 -0.2957
v -0.3667 -0.0289 -0.2264
v -0.3667 -0.0816 -0.1225
v -0.3667 -0.1001 -0.0000
v -0.3667 -0.0816 0.1225
v -0.3667 -0.0289 0.2264
v -0.3667 0.0500 0.2957
v -0.2500 0.1396 0.3589
v -0.2500 0.2668 0.3316
v -0.2500 0.3746 0.2538
v -0.2500 0.4466 0.1373
v -0.2500 0.4719 0.0000
v -0.2500 0.4466 -0.1373
v -0.2500 0.3746 -0.2538
v -0.2500 0.2668 -0.3316
v -0.2500 0.1396 -0.3589
v -0.2500 0.0353 -0.3316
v -0.2500 -0.0531 -0.2538
v -0.2500 -0.1122 -0.1373
v -0.2500 -0.1329 -0.0000
v -0.2500 -0.1122 0.1373
v -0.2500 -0.0531 0.2538
v -0.2500 0.0353 0.3316
v -0.1333 0.1365 0.3988
v -0.1333 0.2778 0.3684
v -0.1333 0.3975 0.2820
v -0.1333 0.4776 0.1526
v -0.1333 0.5057 0.0000
v -0.1333 0.4776 -0.1526
v -0.1333 0.3975 -0.2820
v -0.1333 0.2778 -0.3684
v -0.1333 0.1365 -0.3988
v -0.1333 0.0206 -0.3684
v -0.1333 -0.0776 -0.2820
v -0.1333 -0.1433 -0.1526
v -0.1333 -0.1663 -0.0000
v -0.1333 -0.1433 0.1526
v -0.1333 -0.0776 0.2820
v -0.1333 0.0206 0.3684
v -0.0167 0.1336 0.4397
v -0.0167 0.2894 0.4062
v -0.0167 0.4215 0.3109
v -0.0167 0.5097 0.1683
v -0.0167 0.5407 0.0000
v -0.0167 0.5097 -0.1683
v -0.0167 0.4215 -0.3109
v -0.0167 0.2894 -0.4062
v -0.0167 0.1336 -0.4397
v -0.0167 0.0059 -0.4062
v -0.0167 -0.1024 -0.3109
v -0.0167 -0.1748 -0.1683
v -0.0167 -0.2002 -0.0000
v -0.0167 -0.1748 0.1683
v -0.0167 -0.1024 0.3109
v -0.0167 0.0059 0.4062
v 0.1000 0.1310 0.4815
v 0.1000 0.3016 0.4448
v 0.1000 0.4463 0.3405
v 0.1000 0.5429 0.1843
v 0.1000 0.5768 0.0000
v 0.1000 0.5429 -0.1843
v 0.1000 0.4463 -0.3405
v 0.1000 0.3016 -0.4448
v 0.1000 0.1310 -0.4815
v 0.1000 -0.0089 -0.4448
v 0.1000 -0.1275 -0.3405
v 0.1000 -0.2067 -0.1843
v 0.1000 -0.2346 -0.0000
v 0.1000 -0.2067 0.1843
v 0.1000 -0.1275 0.3405
v 0.1000 -0.0089 0.4448
v 0.2167 0.1287 0.5242
v 0.2167 0.3145 0.4843
v 0.2167 0.4719 0.3707
v 0.2167 0.5771 0.2006
v 0.2167 0.6141 0.0000
v 0.2167 0.5771 -0.2006
v 0.2167 0.4719 -0.3707
v 0.2167 0.3145 -0.4843
v 0.2167 0.1287 -0.5242
v 0.2167 -0.0236 -0.4843
v 0.2167 -0.1527 -0.3707
v 0.2167 -0.2390 -0.2006
v 0.2167 -0.2693 -0.0000
v 0.2167 -0.2390 0.2006
v 0.2167 -0.1527 0.3707
v 0.2167 -0.0236 0.4843
v 0.3333 0.1267 0.5616
v 0.3333 0.3256 0.5188
v 0.3333 0.4943 0.3971
v 0.3333 0.6070 0.2149
v 0.3333 0.6466 0.0000
v 0.3333 0.6070 -0.2149
v 0.3333 0.4943 -0.3971
v 0.3333 0.3256 -0.5188
v 0.3333 0.1267 -0.5616
v 0.3333 -0.0365 -0.5188
v 0.3333 -0.1748 -0.3971
v 0.3333 -0.2672 -0.2149
v 0.3333 -0.2997 -0.0000
v 0.3333 -0.2672 0.2149
v 0.3333 -0.1748 0.3971
v 0.3333 -0.0365 0.5188
v 0.4500 0.1249 0.5566
v 0.4500 0.3221 0.5142
v 0.4500 0.4893 0.3936
v 0.4500 0.6011 0.2130
v 0.4500 0.6403 0.0000
v 0.4500 0.6011 -0.2130
v 0.4500 0.4893 -0.3936
v 0.4500 0.3221 -0.5142
v 0.4500 0.1249 -0.5566
v 0.4500 -0.0368 -0.5142
v 0.4500 -0.1739 -0.3936
v 0.4500 -0.2655 -0.2130
v 0.4500 -0.2977 -0.0000
v 0.4500 -0.2655 0.2130
v 0.4500 -0.1739 0.3936
v 0.4500 -0.0368 0.5142
v 0.5667 0.1234 0.5414
v 0.5667 0.3152 0.5002
v 0.5667 0.4779 0.3828
v 0.5667 0.5866 0.2072
v 0.5667 0.6247 0.0000
v 0.5667 0.5866 -0.2072
v 0.5667 0.4779 -0.3828
v 0.5667 0.3152 -0.5002
v 0.5667 0.1234 -0.5414
v 0.5667 -0.0339 -0.5002
v 0.5667 -0.1673 -0.3828
v 0.5667 -0.2564 -0.2072
v 0.5667 -0.2877 -0.0000
v 0.5667 -0.2564 0.2072
v 0.5667 -0.1673 0.3828
v 0.5667 -0.0339 0.5002
v 0.6833 0.1222 0.5135
v 0.6833 0.3041 0.4744
v 0.6833 0.4584 0.3631
v 0.6833 0.5614 0.1965
v 0.6833 0.5976 0.0000
v 0.6833 0.5614 -0.1965
v 0.6833 0.4584 -0.3631
v 0.6833 0.3041 -0.4744
v 0.6833 0.1222 -0.5135
v 0.6833 -0.0270 -0.4744
v 0.6833 -0.1535 -0.3631
v 0.6833 -0.2380 -0.1965
v 0.6833 -0.2677 -0.0000
v 0.6833 -0.2380 0.1965
v 0.6833 -0.1535 0.3631
v 0.6833 -0.0270 0.4744
v 0.8000 0.1212 0.4694
v 0.8000 0.2875 0.4336
v 0.8000 0.4285 0.3319
v 0.8000 0.5227 0.1796
v 0.8000 0.5558 0.0000
v 0.8000 0.5227 -0.1796
v 0.8000 0.4285 -0.3319
v 0.8000 0.2875 -0.4336
v 0.8000 0.1212 -0.4694
v 0.8000 -0.0152 -0.4336
v 0.8000 -0.1308 -0.3319
v 0.8000 -0.2080 -0.1796
v 0.8000 -0.2351 -0.0000
v 0.8000 -0.2080 0.1796
v 0.8000 -0.1308 0.3319
v 0.8000 -0.0152 0.4336
v 0.9167 0.1205 0.4029
v 0.9167 0.2633 0.3722
v 0.9167 0.3843 0.2849
v 0.9167 0.4652 0.1542
v 0.9167 0.4936 0.0000
v 0.9167 0.4652 -0.1542
v 0.9167 0.3843 -0.2849
v 0.9167 0.2633 -0.3722
v 0.9167 0.1205 -0.4029
v 0.9167 0.0035 -0.3722
v 0.9167 -0.0958 -0.2849
v 0.9167 -0.1621 -0.1542
v 0.9167 -0.1854 -0.0000
v 0.9167 -0.1621 0.1542
v 0.9167 -0.0958 0.2849
v 0.9167 0.0035 0.3722
v 1.0333 0.1201 0.2985
v 1.0333 0.2259 0.2758
v 1.0333 0.3156 0.2111
v 1.0333 0.3755 0.1142
v 1.0333 0.3965 0.0000
v 1.0333 0.3755 -0.1142
v 1.0333 0.3156 -0.2111
v 1.0333 0.2259 -0.2758
v 1.0333 0.1201 -0.2985
v 1.0333 0.0334 -0.2758
v 1.0333 -0.0401 -0.2111
v 1.0333 -0.0892 -0.1142
v 1.0333 -0.1065 -0.0000
v 1.0333 -0.0892 0.1142
v 1.0333 -0.0401 0.2111
v 1.0333 0.0334 0.2758
v 1.1500 0.1200 0.0130
v 1.1500 0.1246 0.0120
v 1.1500 0.1285 0.0092
v 1.1500 0.1311 0.0050
v 1.1500 0.1320 0.0000
v 1.1500 0.1311 -0.0050
v 1.1500 0.1285 -0.0092
v 1.1500 0.1246 -0.0120
v 1.1500 0.1200 -0.0130
v 1.1500 0.1162 -0.0120
v 1.1500 0.1130 -0.0092
v 1.1500 0.1109 -0.0050
v 1.1500 0.1102 -0.0000
v 1.1500 0.1109 0.0050
v 1.1500 0.1130 0.0092
v 1.1500 0.1162 0.0120
v -1.3000 0.1800 0.0756
v -1.3000 0.2068 0.0698
v -1.3000 0.2295 0.0535
v -1.3000 0.2447 0.0289
v -1.3000 0.2500 0.0000
v -1.3000 0.2447 -0.0289
v -1.3000 0.2295 -0.0535
v -1.3000 0.2068 -0.0698
v -1.3000 0.1800 -0.0756
v -1.3000 0.1580 -0.0698
v -1.3000 0.1394 -0.0535
v -1.3000 0.1270 -0.0289
v -1.3000 0.1226 -0.0000
v -1.3000 0.1270 0.0289
v -1.3000 0.1394 0.0535
v -1.3000 0.1580 0.0698
v -1.1833 0.1744 0.0938
v -1.1833 0.2076 0.0866
v -1.1833 0.2358 0.0663
v -1.1833 0.2546 0.0359
v -1.1833 0.2612 0.0000
v -1.1833 0.2546 -0.0359
v -1.1833 0.2358 -0.0663
v -1.1833 0.2076 -0.0866
v -1.1833 0.1744 -0.0938
v -1.1833 0.1472 -0.0866
v -1.1833 0.1241 -0.0663
v -1.1833 0.1086 -0.0359
v -1.1833 0.1032 -0.0000
v -1.1833 0.1086 0.0359
v -1.1833 0.1241 0.0663
v -1.1833 0.1472 0.0866
v -1.0667 0.1691 0.1188
v -1.0667 0.2112 0.1098
v -1.0667 0.2469 0.0840
v -1.0667 0.2708 0.0455
v -1.0667 0.2791 0.0000
v -1.0667 0.2708 -0.0455
v -1.0667 0.2469 -0.0840
v -1.0667 0.2112 -0.1098
v -1.0667 0.1691 -0.1188
v -1.0667 0.1346 -0.1098
v -1.0667 0.1053 -0.0840
v -1.0667 0.0858 -0.0455
v -1.0667 0.0789 -0.0000
v -1.0667 0.0858 0.0455
v -1.0667 0.1053 0.0840
v -1.0667 0.1346 0.1098
v -0.9500 0.1641 0.1474
v -0.9500 0.2163 0.1361
v -0.9500 0.2606 0.1042
v -0.9500 0.2901 0.0564
v -0.9500 0.3005 0.0000
v -0.9500 0.2901 -0.0564
v -0.9500 0.2606 -0.1042
v -0.9500 0.2163 -0.1361
v -0.9500 0.1641 -0.1474
v -0.9500 0.1213 -0.1361
v -0.9500 0.0850 -0.1042
v -0.9500 0.0607 -0.0564
v -0.9500 0.0522 -0.0000
v -0.9500 0.0607 0.0564
v -0.9500 0.0850 0.1042
v -0.9500 0.1213 0.1361
v -0.8333 0.1593 0.1784
v -0.8333 0.2225 0.1648
v -0.8333 0.2761 0.1262
v -0.8333 0.3119 0.0683
v -0.8333 0.3245 0.0000
v -0.8333 0.3119 -0.0683
v -0.8333 0.2761 -0.1262
v -0.8333 0.2225 -0.1648
v -0.8333 0.1593 -0.1784
v -0.8333 0.1075 -0.1648
v -0.8333 0.0635 -0.1262
v -0.8333 0.0342 -0.0683
v -0.8333 0.0239 -0.0000
v -0.8333 0.0342 0.0683
v -0.8333 0.0635 0.1262
v -0.8333 0.1075 0.1648
v -0.7167 0.1548 0.2115
v -0.7167 0.2298 0.1954
v -0.7167 0.2933 0.1495
v -0.7167 0.3357 0.0809
v -0.7167 0.3506 0.0000
v -0.7167 0.3357 -0.0809
v -0.7167 0.2933 -0.1495
v -0.7167 0.2298 -0.1954
v -0.7167 0.1548 -0.2115
v -0.7167 0.0934 -0.1954
v -0.7167 0.0413 -0.1495
v -0.7167 0.0065 -0.0809
v -0.7167 -0.0057 -0.0000
v -0.7167 0.0065 0.0809
v -0.7167 0.0413 0.1495
v -0.7167 0.0934 0.1954
v -0.6000 0.1506 0.2463
v -0.6000 0.2379 0.2275
v -0.6000 0.3118 0.1741
v -0.6000 0.3613 0.0942
v -0.6000 0.3786 0.0000
v -0.6000 0.3613 -0.0942
v -0.6000 0.3118 -0.1741
v -0.6000 0.2379 -0.2275
v -0.6000 0.1506 -0.2463
v -0.6000 0.0791 -0.2275
v -0.6000 0.0184 -0.1741
v -0.6000 -0.0221 -0.0942
v -0.6000 -0.0364 -0.0000
v -0.6000 -0.0221 0.0942
v -0.6000 0.0184 0.1741
v -0.6000 0.0791 0.2275
v -0.4833 0.1467 0.2825
v -0.4833 0.2468 0.2610
v -0.4833 0.3316 0.1998
v -0.4833 0.3883 0.1081
v -0.4833 0.4083 0.0000
v -0.4833 0.3883 -0.1081
v -0.4833 0.3316 -0.1998
v -0.4833 0.2468 -0.2610
v -0.4833 0.1467 -0.2825
v -0.4833 0.0646 -0.2610
v -0.4833 -0.0050 -0.1998
v -0.4833 -0.0515 -0.1081
v -0.4833 -0.0678 -0.0000
v -0.4833 -0.0515 0.1081
v -0.4833 -0.0050 0.1998
v -0.4833 0.0646 0.2610
v -0.3667 0.1430 0.3201
v -0.3667 0.2564 0.2957
v -0.3667 0.3526 0.2264
v -0.3667 0.4168 0.1225
v -0.3667 0.4394 0.0000
v -0.3667 0.4168 -0.1225
v -0.3667 0.3526 -0.2264
v -0.3667 0.2564 -0.2957
v -0.3667 0.1430 -0.3201
v -0.3667 0.0500 -0.2957
v -0.3667 -0.0289 -0.2264
v -0.3667 -0.0816 -0.1225
v -0.3667 -0.1001 -0.0000
v -0.3667 -0.0816 0.1225
v -0.3667 -0.0289 0.2264
v -0.3667 0.0500 0.2957
v -0.2500 0.1396 0.3589
v -0.2500 0.2668 0.3316
v -0.2500 0.3746 0.2538
v -0.2500 0.4466 0.1373
v -0.2500 0.4719 0.0000
v -0.2500 0.4466 -0.1373
v -0.2500 0.3746 -0.2538
v -0.2500 0.2668 -0.3316
v -0.2500 0.1396 -0.3589
v -0.2500 0.0353 -0.3316
v -0.2500 -0.0531 -0.2538
v -0.2500 -0.1122 -0.1373
v -0.2500 -0.1329 -0.0000
v -0.2500 -0.1122 0.1373
v -0.2500 -0.0531 0.2538
v -0.2500 0.0353 0.3316
v -0.1333 0.1365 0.3988
v -0.1333 0.2778 0.3684
v -0.1333 0.3975 0.2820
v -0.1333 0.4776 0.1526
v -0.1333 0.5057 0.0000
v -0.1333 0.4776 -0.1526
v -0.1333 0.3975 -0.2820
v -0.1333 0.2778 -0.3684
v -0.1333 0.1365 -0.3988
v -0.1333 0.0206 -0.3684
v -0.1333 -0.0776 -0.2820
v -0.1333 -0.1433 -0.1526
v -0.1333 -0.1663 -0.0000
v -0.1333 -0.1433 0.1526
v -0.1333 -0.0776 0.2820
v -0.1333 0.0206 0.3684
v -0.0167 0.1336 0.4397
v -0.0167 0.2894 0.4062
v -0.0167 0.4215 0.3109
v -0.0167 0.5097 0.1683
v -0.0167 0.5407 0.0000
v -0.0167 0.5097 -0.1683
v -0.0167 0.4215 -0.3109
v -0.0167 0.2894 -0.4062
v -0.0167 0.1336 -0.4397
v -0.0167 0.0059 -0.4062
v -0.0167 -0.1024 -0.3109
v -0.0167 -0.1748 -0.1683
v -0.0167 -0.2002 -0.0000
v -0.0167 -0.1748 0.1683
v -0.0167 -0.1024 0.3109
v -0.0167 0.0059 0.4062
v 0.1000 0.1310 0.4815
v 0.1000 0.3016 0.4448
v 0.1000 0.4463 0.3405
v 0.1000 0.5429 0.1843
v 0.1000 0.5768 0.0000
v 0.1000 0.5429 -0.1843
v 0.1000 0.4463 -0.3405
v 0.1000 0.3016 -0.4448
v 0.1000 0.1310 -0.4815
v 0.1000 -0.0089 -0.4448
v 0.1000 -0.1275 -0.3405
v 0.1000 -0.2067 -0.1843
v 0.1000 -0.2346 -0.0000
v 0.1000 -0.2067 0.1843
v 0.1000 -0.1275 0.3405
v 0.1000 -0.0089 0.4448
v 0.2167 0.1287 0.5242
v 0.2167 0.3145 0.4843
v 0.2167 0.4719 0.3707
v 0.2167 0.5771 0.2006
v 0.2167 0.6141 0.0000
v 0.2167 0.5771 -0.2006
v 0.2167 0.4719 -0.3707
v 0.2167 0.3145 -0.4843
v 0.2167 0.1287 -0.5242
v 0.2167 -0.0236 -0.4843
v 0.2167 -0.1527 -0.3707
v 0.2167 -0.2390 -0.2006
v 0.2167 -0.2693 -0.0000
v 0.2167 -0.2390 0.2006
v 0.2167 -0.1527 0.3707
v 0.2167 -0.0236 0.4843
v 0.3333 0.1267 0.5616
v 0.3333 0.3256 0.5188
v 0.3333 0.4943 0.3971
v 0.3333 0.6070 0.2149
v 0.3333 0.6466 0.0000
v 0.3333 0.6070 -0.2149
v 0.3333 0.4943 -0.3971
v 0.3333 0.3256 -0.5188
v 0.3333 0.1267 -0.5616
v 0.3333 -0.0365 -0.5188
v 0.3333 -0.1748 -0.3971
v 0.3333 -0.2672 -0.2149
v 0.3333 -0.2997 -0.0000
v 0.3333 -0.2672 0.2149
v 0.3333 -0.1748 0.3971
v 0.3333 -0.0365 0.5188
v 0.4500 0.1249 0.5566
v 0.4500 0.3221 0.5142
v 0.4500 0.4893 0.3936
v 0.4500 0.6011 0.2130
v 0.4500 0.6403 0.0000
v 0.4500 0.6011 -0.2130
v 0.4500 0.4893 -0.3936
v 0.4500 0.3221 -0.5142
v 0.4500 0.1249 -0.5566
v 0.4500 -0.0368 -0.5142
v 0.4500 -0.1739 -0.3936
v 0.4500 -0.2655 -0.2130
v 0.4500 -0.2977 -0.0000
v 0.4500 -0.2655 0.2130
v 0.4500 -0.1739 0.3936
v 0.4500 -0.0368 0.5142
v 0.5667 0.1234 0.5414
v 0.5667 0.3152 0.5002
v 0.5667 0.4779 0.3828
v 0.5667 0.5866 0.2072
v 0.5667 0.6247 0.0000
v 0.5667 0.5866 -0.2072
v 0.5667 0.4779 -0.3828
v 0.5667 0.3152 -0.5002
v 0.5667 0.1234 -0.5414
v 0.5667 -0.0339 -0.5002
v 0.5667 -0.1673 -0.3828
v 0.5667 -0.2564 -0.2072
v 0.5667 -0.2877 -0.0000
v 0.5667 -0.2564 0.2072
v 0.5667 -0.1673 0.3828
v 0.5667 -0.0339 0.5002
v 0.6833 0.1222 0.5135
v 0.6833 0.3041 0.4744
v 0.6833 0.4584 0.3631
v 0.6833 0.5614 0.1965
v 0.6833 0.5976 0.0000
v 0.6833 0.5614 -0.1965
v 0.6833 0.4584 -0.3631
v 0.6833 0.3041 -0.4744
v 0.6833 0.1222 -0.5135
v 0.6833 -0.0270 -0.4744
v 0.6833 -0.1535 -0.3631
v 0.6833 -0.2380 -0.1965
v 0.6833 -0.2677 -0.0000
v 0.6833 -0.2380 0.1965
v 0.6833 -0.1535 0.3631
v 0.6833 -0.0270 0.4744
v 0.8000 0.1212 0.4694
v 0.8000 0.2875 0.4336
v 0.8000 0.4285 0.3319
v 0.8000 0.5227 0.1796
v 0.8000 0.5558 0.0000
v 0.8000 0.5227 -0.1796
v 0.8000 0.4285 -0.3319
v 0.8000 0.2875 -0.4336
v 0.8000 0.1212 -0.4694
v 0.8000 -0.0152 -0.4336
v 0.8000 -0.1308 -0.3319
v 0.8000 -0.2080 -0.1796
v 0.8000 -0.2351 -0.0000
v 0.8000 -0.2080 0.1796
v 0.8000 -0.1308 0.3319
v 0.8000 -0.0152 0.4336
v 0.9167 0.1205 0.4029
v 0.9167 0.2633 0.3722
v 0.9167 0.3843 0.2849
v 0.9167 0.4652 0.1542
v 0.9167 0.4936 0.0000
v 0.9167 0.4652 -0.1542
v 0.9167 0.3843 -0.2849
v 0.9167 0.2633 -0.3722
v 0.9167 0.1205 -0.4029
v 0.9167 0.0035 -0.3722
v 0.9167 -0.0958 -0.2849
v 0.9167 -0.1621 -0.1542
v 0.9167 -0.1854 -0.0000
v 0.9167 -0.1621 0.1542
v 0.9167 -0.0958 0.2849
v 0.9167 0.0035 0.3722
v 1.0333 0.1201 0.2985
v 1.0333 0.2259 0.2758
v 1.0333 0.3156 0.2111
v 1.0333 0.3755 0.1142
v 1.0333 0.3965 0.0000
v 1.0333 0.3755 -0.1142
v 1.0333 0.3156 -0.2111
v 1.0333 0.2259 -0.2758
v 1.0333 0.1201 -0.2985
v 1.0333 0.0334 -0.2758
v 1.0333 -0.0401 -0.2111
v 1.0333 -0.0892 -0.1142
v 1.0333 -0.1065 -0.0000
v 1.0333 -0.0892 0.1142
v 1.0333 -0.0401 0.2111
v 1.0333 0.0334 0.2758
v 1.1500 0.1200 0.0130
v 1.1500 0.1246 0.0120
v 1.1500 0.1285 0.0092
v 1.1500 0.1311 0.0050
v 1.1500 0.1320 0.0000
v 1.1500 0.1311 -0.0050
v 1.1500 0.1285 -0.0092
v 1.1500 0.1246 -0.0120
v 1.1500 0.1200 -0.0130
v 1.1500 0.1162 -0.0120
v 1.1500 0.1130 -0.0092
v 1.1500 0.1109 -0.0050
v 1.1500 0.1102 -0.0000
v 1.1500 0.1109 0.0050
v 1.1500 0.1130 0.0092
v 1.1500 0.1162 0.0120
v -1.3000 0.1800 0.0756
v -1.3000 0.2068 0.0698
v -1.3000 0.2295 0.0535
v -1.3000 0.2447 0.0289
v -1.3000 0.2500 0.0000
v -1.3000 0.2447 -0.0289
v -1.3000 0.2295 -0.0535
v -1.3000 0.2068 -0.0698
v -1.3000 0.1800 -0.0756
v -1.3000 0.1580 -0.0698
v -1.3000 0.1394 -0.0535
v -1.3000 0.1270 -0.0289
v -1.3000 0.1226 -0.0000
v -1.3000 0.1270 0.0289
v -1.3000 0.1394 0.0535
v -1.3000 0.1580 0.0698
v -1.1833 0.1744 0.0938
v -1.1833 0.2076 0.0866
v -1.1833 0.2358 0.0663
v -1.1833 0.2546 0.0359
v -1.1833 0.2612 0.0000
v -1.1833 0.2546 -0.0359
v -1.1833 0.2358 -0.0663
v -1.1833 0.2076 -0.0866
v -1.1833 0.1744 -0.0938
v -1.1833 0.1472 -0.0866
v -1.1833 0.1241 -0.0663
v -1.1833 0.1086 -0.0359
v -1.1833 0.1032 -0.0000
v -1.1833 0.1086 0.0359
v -1.1833 0.1241 0.0663
v -1.1833 0.1472 0.0866
v -1.0667 0.1691 0.1188
v -1.0667 0.2112 0.1098
v -1.0667 0.2469 0.0840
v -1.0667 0.2708 0.0455
v -1.0667 0.2791 0.0000
v -1.0667 0.2708 -0.0455
v -1.0667 0.2469 -0.0840
v -1.0667 0.2112 -0.1098
v -1.0667 0.1691 -0.1188
v -1.0667 0.1346 -0.1098
v -1.0667 0.1053 -0.0840
v -1.0667 0.0858 -0.0455
v -1.0667 0.0789 -0.0000
v -1.0667 0.0858 0.0455
v -1.0667 0.1053 0.0840
v -1.0667 0.1346 0.1098
v -0.9500 0.1641 0.1474
v -0.9500 0.2163 0.1361
v -0.9500 0.2606 0.1042
v -0.9500 0.2901 0.0564
v -0.9500 0.3005 0.0000
v -0.9500 0.2901 -0.0564
v -0.9500 0.2606 -0.1042
v -0.9500 0.2163 -0.1361
v -0.9500 0.1641 -0.1474
v -0.9500 0.1213 -0.1361
v -0.9500 0.0850 -0.1042
v -0.9500 0.0607 -0.0564
v -0.9500 0.0522 -0.0000
v -0.9500 0.0607 0.0564
v -0.9500 0.0850 0.1042
v -0.9500 0.1213 0.1361
v -0.8333 0.1593 0.1784
v -0.8333 0.2225 0.1648
v -0.8333 0.2761 0.1262
v -0.8333 0.3119 0.0683
v -0.8333 0.3245 0.0000
v -0.8333 0.3119 -0.0683
v -0.8333 0.2761 -0.1262
v -0.8333 0.2225 -0.1648
v -0.8333 0.1593 -0.1784
v -0.8333 0.1075 -0.1648
v -0.8333 0.0635 -0.1262
v -0.8333 0.0342 -0.0683
v -0.8333 0.0239 -0.0000
v -0.8333 0.0342 0.0683
v -0.8333 0.0635 0.1262
v -0.8333 0.1075 0.1648
v -0.7167 0.1548 0.2115
v -0.7167 0.2298 0.1954
v -0.7167 0.2933 0.1495
v -0.7167 0.3357 0.0809
v -0.7167 0.3506 0.0000
v -0.7167 0.3357 -0.0809
v -0.7167 0.2933 -0.1495
v -0.7167 0.2298 -0.1954
v -0.7167 0.1548 -0.2115
v -0.7167 0.0934 -0.1954
v -0.7167 0.0413 -0.1495
v -0.7167 0.0065 -0.0809
v -0.7167 -0.0057 -0.0000
v -0.7167 0.0065 0.0809
v -0.7167 0.0413 0.1495
v -0.7167 0.0934 0.1954
v -0.6000 0.1506 0.2463
v -0.6000 0.2379 0.2275
v -0.6000 0.3118 0.1741
v -0.6000 0.3613 0.0942
v -0.6000 0.3786 0.0000
v -0.6000 0.3613 -0.0942
v -0.6000 0.3118 -0.1741
v -0.6000 0.2379 -0.2275
v -0.6000 0.1506 -0.2463
v -0.6000 0.0791 -0.2275
v -0.6000 0.0184 -0.1741
v -0.6000 -0.0221 -0.0942
v -0.6000 -0.0364 -0.0000
v -0.6000 -0.0221 0.0942
v -0.6000 0.0184 0.1741
v -0.6000 0.0791 0.2275
v -0.4833 0.1467 0.2825
v -0.4833 0.2468 0.2610
v -0.4833 0.3316 0.1998
v -0.4833 0.3883 0.1081
v -0.4833 0.4083 0.0000
v -0.4833 0.3883 -0.1081
v -0.4833 0.3316 -0.1998
v -0.4833 0.2468 -0.2610
v -0.4833 0.1467 -0.2825
v -0.4833 0.0646 -0.2610
v -0.4833 -0.0050 -0.1998
v -0.4833 -0.0515 -0.1081
v -0.4833 -0.0678 -0.0000
v -0.4833 -0.0515 0.1081
v -0.4833 -0.0050 0.1998
v -0.4833 0.0646 0.2610
v -0.3667 0.1430 0.3201
v -0.3667 0.2564 0.2957
v -0.3667 0.3526 0.2264
v -0.3667 0.4168 0.1225
v -0.3667 0.4394 0.0000
v -0.3667 0.4168 -0.1225
v -0.3667 0.3526 -0.2264
v -0.3667 0.2564 -0.2957
v -0.3667 0.1430 -0.3201
v -0.3667 0.0500 -0.2957
v -0.3667 -0.0289 -0.2264
v -0.3667 -0.0816 -0.1225
v -0.3667 -0.1001 -0.0000
v -0.3667 -0.0816 0.1225
v -0.3667 -0.0289 0.2264
v -0.3667 0.0500 0.2957
v -0.2500 0.1396 0.3589
v -0.2500 0.2668 0.3316
v -0.2500 0.3746 0.2538
v -0.2500 0.4466 0.1373
v -0.2500 0.4719 0.0000
v -0.2500 0.4466 -0.1373
v -0.2500 0.3746 -0.2538
v -0.2500 0.2668 -0.3316
v -0.2500 0.1396 -0.3589
v -0.2500 0.0353 -0.3316
v -0.2500 -0.0531 -0.2538
v -0.2500 -0.1122 -0.1373
v -0.2500 -0.1329 -0.0000
v -0.2500 -0.1122 0.1373
v -0.2500 -0.0531 0.2538
v -0.2500 0.0353 0.3316
v -0.1333 0.1365 0.3988
v -0.1333 0.2778 0.3684
v -0.1333 0.3975 0.2820
v -0.1333 0.4776 0.1526
v -0.1333 0.5057 0.0000
v -0.1333 0.4776 -0.1526
v -0.1333 0.3975 -0.2820
v -0.1333 0.2778 -0.3684
v -0.1333 0.1365 -0.3988
v -0.1333 0.0206 -0.3684
v -0.1333 -0.0776 -0.2820
v -0.1333 -0.1433 -0.1526
v -0.1333 -0.1663 -0.0000
v -0.1333 -0.1433 0.1526
v -0.1333 -0.0776 0.2820
v -0.1333 0.0206 0.3684
v -0.0167 0.1336 0.4397
v -0.0167 0.2894 0.4062
v -0.0167 0.4215 0.3109
v -0.0167 0.5097 0.1683
v -0.0167 0.5407 0.0000
v -0.0167 0.5097 -0.1683
v -0.0167 0.4215 -0.3109
v -0.0167 0.2894 -0.4062
v -0.0167 0.1336 -0.4397
v -0.0167 0.0059 -0.4062
v -0.0167 -0.1024 -0.3109
v -0.0167 -0.1748 -0.1683
v -0.0167 -0.2002 -0.0000
v -0.0167 -0.1748 0.1683
v -0.0167 -0.1024 0.3109
v -0.0167 0.0059 0.4062
v 0.1000 0.1310 0.4815
v 0.1000 0.3016 0.4448
v 0.1000 0.4463 0.3405
v 0.1000 0.5429 0.1843
v 0.1000 0.5768 0.0000
v 0.1000 0.5429 -0.1843
v 0.1000 0.4463 -0.3405
v 0.1000 0.3016 -0.4448
v 0.1000 0.1310 -0.4815
v 0.1000 -0.0089 -0.4448
v 0.1000 -0.1275 -0.3405
v 0.1000 -0.2067 -0.1843
v 0.1000 -0.2346 -0.0000
v 0.1000 -0.2067 0.1843
v 0.1000 -0.1275 0.3405
v 0.1000 -0.0089 0.4448
v 0.2167 0.1287 0.5242
v 0.2167 0.3145 0.4843
v 0.2167 0.4719 0.3707
v 0.2167 0.5771 0.2006
v 0.2167 0.6141 0.0000
v 0.2167 0.5771 -0.2006
v 0.2167 0.4719 -0.3707
v 0.2167 0.3145 -0.4843
v 0.2167 0.1287 -0.5242
v 0.2167 -0.0236 -0.4843
v 0.2167 -0.1527 -0.3707
v 0.2167 -0.2390 -0.2006
v 0.2167 -0.2693 -0.0000
v 0.2167 -0.2390 0.2006
v 0.2167 -0.1527 0.3707
v 0.2167 -0.0236 0.4843
v 0.3333 0.1267 0.5616
v 0.3333 0.3256 0.5188
v 0.3333 0.4943 0.3971
v 0.3333 0.6070 0.2149
v 0.3333 0.6466 0.0000
v 0.3333 0.6070 -0.2149
v 0.3333 0.4943 -0.3971
v 0.3333 0.3256 -0.5188
v 0.3333 0.1267 -0.5616
v 0.3333 -0.0365 -0.5188
v 0.3333 -0.1748 -0.3971
v 0.3333 -0.2672 -0.2149
v 0.3333 -0.2997 -0.0000
v 0.3333 -0.2672 0.2149
v 0.3333 -0.1748 0.3971
v 0.3333 -0.0365 0.5188
v 0.4500 0.1249 0.5566
v 0.4500 0.3221 0.5142
v 0.4500 0.4893 0.3936
v 0.4500 0.6011 0.2130
v 0.4500 0.6403 0.0000
v 0.4500 0.6011 -0.2130
v 0.4500 0.4893 -0.3936
v 0.4500 0.3221 -0.5142
v 0.4500 0.1249 -0.5566
v 0.4500 -0.0368 -0.5142
v 0.4500 -0.1739 -0.3936
v 0.4500 -0.2655 -0.2130
v 0.4500 -0.2977 -0.0000
v 0.4500 -0.2655 0.2130
v 0.4500 -0.1739 0.3936
v 0.4500 -0.0368 0.5142
v 0.5667 0.1234 0.5414
v 0.5667 0.3152 0.5002
v 0.5667 0.4779 0.3828
v 0.5667 0.5866 0.2072
v 0.5667 0.6247 0.0000
v 0.5667 0.5866 -0.2072
v 0.5667 0.4779 -0.3828
v 0.5667 0.3152 -0.5002
v 0.5667 0.1234 -0.5414
v 0.5667 -0.0339 -0.5002
v 0.5667 -0.1673 -0.3828
v 0.5667 -0.2564 -0.2072
v 0.5667 -0.2877 -0.0000
v 0.5667 -0.2564 0.2072
v 0.5667 -0.1673 0.3828
v 0.5667 -0.0339 0.5002
v 0.6833 0.1222 0.5135
v 0.6833 0.3041 0.4744
v 0.6833 0.4584 0.3631
v 0.6833 0.5614 0.1965
v 0.6833 0.5976 0.0000
v 0.6833 0.5614 -0.1965
v 0.6833 0.4584 -0.3631
v 0.6833 0.3041 -0.4744
v 0.6833 0.1222 -0.5135
v 0.6833 -0.0270 -0.4744
v 0.6833 -0.1535 -0.3631
v 0.6833 -0.2380 -0.1965
v 0.6833 -0.2677 -0.0000
v 0.6833 -0.2380 0.1965
v 0.6833 -0.1535 0.3631
v 0.6833 -0.0270 0.4744
v 0.8000 0.1212 0.4694
v 0.8000 0.2875 0.4336
v 0.8000 0.4285 0.3319
v 0.8000 0.5227 0.1796
v 0.8000 0.5558 0.0000
v 0.8000 0.5227 -0.1796
v 0.8000 0.4285 -0.3319
v 0.8000 0.2875 -0.4336
v 0.8000 0.1212 -0.4694
v 0.8000 -0.0152 -0.4336
v 0.8000 -0.1308 -0.3319
v 0.8000 -0.2080 -0.1796
v 0.8000 -0.2351 -0.0000
v 0.8000 -0.2080 0.1796
v 0.8000 -0.1308 0.3319
v 0.8000 -0.0152 0.4336
v 0.9167 0.1205 0.4029
v 0.9167 0.2633 0.3722
v 0.9167 0.3843 0.2849
v 0.9167 0.4652 0.1542
v 0.9167 0.4936 0.0000
v 0.9167 0.4652 -0.1542
v 0.9167 0.3843 -0.2849
v 0.9167 0.2633 -0.3722
v 0.9167 0.1205 -0.4029
v 0.9167 0.0035 -0.3722
v 0.9167 -0.0958 -0.2849
v 0.9167 -0.1621 -0.1542
v 0.9167 -0.1854 -0.0000
v 0.9167 -0.1621 0.1542
v 0.9167 -0.0958 0.2849
v 0.9167 0.0035 0.3722
v 1.0333 0.1201 0.2985
v 1.0333 0.2259 0.2758
v 1.0333 0.3156 0.2111
v 1.0333 0.3755 0.1142
v 1.0333 0.3965 0.0000
v 1.0333 0.3755 -0.1142
v 1.0333 0.3156 -0.2111
v 1.0333 0.2259 -0.2758
v 1.0333 0.1201 -0.2985
v 1.0333 0.0334 -0.2758
v 1.0333 -0.0401 -0.2111
v 1.0333 -0.0892 -0.1142
v 1.0333 -0.1065 -0.0000
v 1.0333 -0.0892 0.1142
v 1.0333 -0.0401 0.2111
v 1.0333 0.0334 0.2758
v 1.1500 0.1200 0.0130
v 1.1500 0.1246 0.0120
v 1.1500 0.1285 0.0092
v 1.1500 0.1311 0.0050
v 1.1500 0.1320 0.0000
v 1.1500 0.1311 -0.0050
v 1.1500 0.1285 -0.0092
v 1.1500 0.1246 -0.0120
v 1.1500 0.1200 -0.0130
v 1.1500 0.1162 -0.0120
v 1.1500 0.1130 -0.0092
v 1.1500 0.1109 -0.0050
v 1.1500 0.1102 -0.0000
v 1.1500 0.1109 0.0050
v 1.1500 0.1130 0.0092
v 1.1500 0.1162 0.0120
v -1.3000 0.1800 0.0756
v -1.3000 0.2068 0.0698
v -1.3000 0.2295 0.0535
v -1.3000 0.2447 0.0289
v -1.3000 0.2500 0.0000
v -1.3000 0.2447 -0.0289
v -1.3000 0.2295 -0.0535
v -1.3000 0.2068 -0.0698
v -1.3000 0.1800 -0.0756
v -1.3000 0.1580 -0.0698
v -1.3000 0.1394 -0.0535
v -1.3000 0.1270 -0.0289
v -1.3000 0.1226 -0.0000
v -1.3000 0.1270 0.0289
v -1.3000 0.1394 0.0535
v -1.3000 0.1580 0.0698
v -1.1833 0.1744 0.0938
v -1.1833 0.2076 0.0866
v -1.1833 0.2358 0.0663
v -1.1833 0.2546 0.0359
v -1.1833 0.2612 0.0000
v -1.1833 0.2546 -0.0359
v -1.1833 0.2358 -0.0663
v -1.1833 0.2076 -0.0866
v -1.1833 0.1744 -0.0938
v -1.1833 0.1472 -0.0866
v -1.1833 0.1241 -0.0663
v -1.1833 0.1086 -0.0359
v -1.1833 0.1032 -0.0000
v -1.1833 0.1086 0.0359
v -1.1833 0.1241 0.0663
v -1.1833 0.1472 0.0866
v -1.0667 0.1691 0.1188
v -1.0667 0.2112 0.1098
v -1.0667 0.2469 0.0840
v -1.0667 0.2708 0.0455
v -1.0667 0.2791 0.0000
v -1.0667 0.2708 -0.0455
v -1.0667 0.2469 -0.0840
v -1.0667 0.2112 -0.1098
v -1.0667 0.1691 -0.1188
v -1.0667 0.1346 -0.1098
v -1.0667 0.1053 -0.0840
v -1.0667 0.0858 -0.0455
v -1.0667 0.0789 -0.0000
v -1.0667 0.0858 0.0455
v -1.0667 0.1053 0.0840
v -1.0667 0.1346 0.1098
v -0.9500 0.1641 0.1474
v -0.9500 0.2163 0.1361
v -0.9500 0.2606 0.1042
v -0.9500 0.2901 0.0564
v -0.9500 0.3005 0.0000
v -0.9500 0.2901 -0.0564
v -0.9500 0.2606 -0.1042
v -0.9500 0.2163 -0.1361
v -0.9500 0.1641 -0.1474
v -0.9500 0.1213 -0.1361
v -0.9500 0.0850 -0.1042
v -0.9500 0.0607 -0.0564
v -0.9500 0.0522 -0.0000
v -0.9500 0.0607 0.0564
v -0.9500 0.0850 0.1042
v -0.9500 0.1213 0.1361
v -0.8333 0.1593 0.1784
v -0.8333 0.2225 0.1648
v -0.8333 0.2761 0.1262
v -0.8333 0.3119 0.0683
v -0.8333 0.3245 0.0000
v -0.8333 0.3119 -0.0683
v -0.8333 0.2761 -0.1262
v -0.8333 0.2225 -0.1648
v -0.8333 0.1593 -0.1784
v -0.8333 0.1075 -0.1648
v -0.8333 0.0635 -0.1262
v -0.8333 0.0342 -0.0683
v -0.8333 0.0239 -0.0000
v -0.8333 0.0342 0.0683
v -0.8333 0.0635 0.1262
v -0.8333 0.1075 0.1648
v -0.7167 0.1548 0.2115
v -0.7167 0.2298 0.1954
v -0.7167 0.2933 0.1495
v -0.7167 0.3357 0.0809
v -0.7167 0.3506 0.0000
v -0.7167 0.3357 -0.0809
v -0.7167 0.2933 -0.1495
v -0.7167 0.2298 -0.1954
v -0.7167 0.1548 -0.2115
v -0.7167 0.0934 -0.1954
v -0.7167 0.0413 -0.1495
v -0.7167 0.0065 -0.0809
v -0.7167 -0.0057 -0.0000
v -0.7167 0.0065 0.0809
v -0.7167 0.0413 0.1495
v -0.7167 0.0934 0.1954
v -0.6000 0.1506 0.2463
v -0.6000 0.2379 0.2275
v -0.6000 0.3118 0.1741
v -0.6000 0.3613 0.0942
v -0.6000 0.3786 0.0000
v -0.6000 0.3613 -0.0942
v -0.6000 0.3118 -0.1741
v -0.6000 0.2379 -0.2275
v -0.6000 0.1506 -0.2463
v -0.6000 0.0791 -0.2275
v -0.6000 0.0184 -0.1741
v -0.6000 -0.0221 -0.0942
v -0.6000 -0.0364 -0.0000
v -0.6000 -0.0221 0.0942
v -0.6000 0.0184 0.1741
v -0.6000 0.0791 0.2275
v -0.4833 0.1467 0.2825
v -0.4833 0.2468 0.2610
v -0.4833 0.3316 0.1998
v -0.4833 0.3883 0.1081
v -0.4833 0.4083 0.0000
v -0.4833 0.3883 -0.1081
v -0.4833 0.3316 -0.1998
v -0.4833 0.2468 -0.2610
v -0.4833 0.1467 -0.2825
v -0.4833 0.0646 -0.2610
v -0.4833 -0.0050 -0.1998
v -0.4833 -0.0515 -0.1081
v -0.4833 -0.0678 -0.0000
v -0.4833 -0.0515 0.1081
v -0.4833 -0.0050 0.1998
v -0.4833 0.0646 0.2610
v -0.3667 0.1430 0.3201
v -0.3667 0.2564 0.2957
v -0.3667 0.3526 0.2264
v -0.3667 0.4168 0.1225
v -0.3667 0.4394 0.0000
v -0.3667 0.4168 -0.1225
v -0.3667 0.3526 -0.2264
v -0.3667 0.2564 -0.2957
v -0.3667 0.1430 -0.3201
v -0.3667 0.0500 -0.2957
v -0.3667 -0.0289 -0.2264
v -0.3667 -0.0816 -0.1225
v -0.3667 -0.1001 -0.0000
v -0.3667 -0.0816 0.1225
v -0.3667 -0.0289 0.2264
v -0.3667 0.0500 0.2957
v -0.2500 0.1396 0.3589
v -0.2500 0.2668 0.3316
v -0.2500 0.3746 0.2538
v -0.2500 0.4466 0.1373
v -0.2500 0.4719 0.0000
v -0.2500 0.4466 -0.1373
v -0.2500 0.3746 -0.2538
v -0.2500 0.2668 -0.3316
v -0.2500 0.1396 -0.3589
v -0.2500 0.0353 -0.3316
v -0.2500 -0.0531 -0.2538
v -0.2500 -0.1122 -0.1373
v -0.2500 -0.1329 -0.0000
v -0.2500 -0.1122 0.1373
v -0.2500 -0.0531 0.2538
v -0.2500 0.0353 0.3316
v -0.1333 0.1365 0.3988
v -0.1333 0.2778 0.3684
v -0.1333 0.3975 0.2820
v -0.1333 0.4776 0.1526
v -0.1333 0.5057 0.0000
v -0.1333 0.4776 -0.1526
v -0.1333 0.3975 -0.2820
v -0.1333 0.2778 -0.3684
v -0.1333 0.1365 -0.3988
v -0.1333 0.0206 -0.3684
v -0.1333 -0.0776 -0.2820
v -0.1333 -0.1433 -0.1526
v -0.1333 -0.1663 -0.0000
v -0.1333 -0.1433 0.1526
v -0.1333 -0.0776 0.2820
v -0.1333 0.0206 0.3684
v -0.0167 0.1336 0.4397
v -0.0167 0.2894 0.4062
v -0.0167 0.4215 0.3109
v -0.0167 0.5097 0.1683
v -0.0167 0.5407 0.0000
v -0.0167 0.5097 -0.1683
v -0.0167 0.4215 -0.3109
v -0.0167 0.2894 -0.4062
v -0.0167 0.1336 -0.4397
v -0.0167 0.0059 -0.4062
v -0.0167 -0.1024 -0.3109
v -0.0167 -0.1748 -0.1683
v -0.0167 -0.2002 -0.0000
v -0.0167 -0.1748 0.1683
v -0.0167 -0.1024 0.3109
v -0.0167 0.0059 0.4062
v 0.1000 0.1310 0.4815
v 0.1000 0.3016 0.4448
v 0.1000 0.4463 0.3405
v 0.1000 0.5429 0.1843
v 0.1000 0.5768 0.0000
v 0.1000 0.5429 -0.1843
v 0.1000 0.4463 -0.3405
v 0.1000 0.3016 -0.4448
v 0.1000 0.1310 -0.4815
v 0.1000 -0.0089 -0.4448
v 0.1000 -0.1275 -0.3405
v 0.1000 -0.2067 -0.1843
v 0.1000 -0.2346 -0.0000
v 0.1000 -0.2067 0.1843
v 0.1000 -0.1275 0.3405
v 0.1000 -0.0089 0.4448
v 0.2167 0.1287 0.5242
v 0.2167 0.3145 0.4843
v 0.2167 0.4719 0.3707
v 0.2167 0.5771 0.2006
v 0.2167 0.6141 0.0000
v 0.2167 0.5771 -0.2006
v 0.2167 0.4719 -0.3707
v 0.2167 0.3145 -0.4843
v 0.2167 0.1287 -0.5242
v 0.2167 -0.0236 -0.4843
v 0.2167 -0.1527 -0.3707
v 0.2167 -0.2390 -0.2006
v 0.2167 -0.2693 -0.0000
v 0.2167 -0.2390 0.2006
v 0.2167 -0.1527 0.3707
v 0.2167 -0.0236 0.4843
v 0.3333 0.1267 0.5616
v 0.3333 0.3256 0.5188
v 0.3333 0.4943 0.3971
v 0.3333 0.6070 0.2149
v 0.3333 0.6466 0.0000
v 0.3333 0.6070 -0.2149
v 0.3333 0.4943 -0.3971
v 0.3333 0.3256 -0.5188
v 0.3333 0.1267 -0.5616
v 0.3333 -0.0365 -0.5188
v 0.3333 -0.1748 -0.3971
v 0.3333 -0.2672 -0.2149
v 0.3333 -0.2997 -0.0000
v 0.3333 -0.2672 0.2149
v 0.3333 -0.1748 0.3971
v 0.3333 -0.0365 0.5188
v 0.4500 0.1249 0.5566
v 0.4500 0.3221 0.5142
v 0.4500 0.4893 0.3936
v 0.4500 0.6011 0.2130
v 0.4500 0.6403 0.0000
v 0.4500 0.6011 -0.2130
v 0.4500 0.4893 -0.3936
v 0.4500 0.3221 -0.5142
v 0.4500 0.1249 -0.5566
v 0.4500 -0.0368 -0.5142
v 0.4500 -0.1739 -0.3936
v 0.4500 -0.2655 -0.2130
v 0.4500 -0.2977 -0.0000
v 0.4500 -0.2655 0.2130
v 0.4500 -0.1739 0.3936
v 0.4500 -0.0368 0.5142
v 0.5667 0.1234 0.5414
v 0.5667 0.3152 0.5002
v 0.5667 0.4779 0.3828
v 0.5667 0.5866 0.2072
v 0.5667 0.6247 0.0000
v 0.5667 0.5866 -0.2072
v 0.5667 0.4779 -0.3828
v 0.5667 0.3152 -0.5002
v 0.5667 0.1234 -0.5414
v 0.5667 -0.0339 -0.5002
v 0.5667 -0.1673 -0.3828
v 0.5667 -0.2564 -0.2072
v 0.5667 -0.2877 -0.0000
v 0.5667 -0.2564 0.2072
v 0.5667 -0.1673 0.3828
v 0.5667 -0.0339 0.5002
v 0.6833 0.1222 0.5135
v 0.6833 0.3041 0.4744
v 0.6833 0.4584 0.3631
v 0.6833 0.5614 0.1965
v 0.6833 0.5976 0.0000
v 0.6833 0.5614 -0.1965
v 0.6833 0.4584 -0.3631
v 0.6833 0.3041 -0.4744
v 0.6833 0.1222 -0.5135
v 0.6833 -0.0270 -0.4744
v 0.6833 -0.1535 -0.3631
v 0.6833 -0.2380 -0.1965
v 0.6833 -0.2677 -0.0000
v 0.6833 -0.2380 0.1965
v 0.6833 -0.1535 0.3631
v 0.6833 -0.0270 0.4744
v 0.8000 0.1212 0.4694
v 0.8000 0.2875 0.4336
v 0.8000 0.4285 0.3319
v 0.8000 0.5227 0.1796
v 0.8000 0.5558 0.0000
v 0.8000 0.5227 -0.1796
v 0.8000 0.4285 -0.3319
v 0.8000 0.2875 -0.4336
v 0.8000 0.1212 -0.4694
v 0.8000 -0.0152 -0.4336
v 0.8000 -0.1308 -0.3319
v 0.8000 -0.2080 -0.1796
v 0.8000 -0.2351 -0.0000
v 0.8000 -0.2080 0.1796
v 0.8000 -0.1308 0.3319
v 0.8000 -0.0152 0.4336
v 0.9167 0.1205 0.4029
v 0.9167 0.2633 0.3722
v 0.9167 0.3843 0.2849
v 0.9167 0.4652 0.1542
v 0.9167 0.4936 0.0000
v 0.9167 0.4652 -0.1542
v 0.9167 0.3843 -0.2849
v 0.9167 0.2633 -0.3722
v 0.9167 0.1205 -0.4029
v 0.9167 0.0035 -0.3722
v 0.9167 -0.0958 -0.2849
v 0.9167 -0.1621 -0.1542
v 0.9167 -0.1854 -0.0000
v 0.9167 -0.1621 0.1542
v 0.9167 -0.0958 0.2849
v 0.9167 0.0035 0.3722
v 1.0333 0.1201 0.2985
v 1.0333 0.2259 0.2758
v 1.0333 0.3156 0.2111
v 1.0333 0.3755 0.1142
v 1.0333 0.3965 0.0000
v 1.0333 0.3755 -0.1142
v 1.0333 0.3156 -0.2111
v 1.0333 0.2259 -0.2758
v 1.0333 0.1201 -0.2985
v 1.0333 0.0334 -0.2758
v 1.0333 -0.0401 -0.2111
v 1.0333 -0.0892 -0.1142
v 1.0333 -0.1065 -0.0000
v 1.0333 -0.0892 0.1142
v 1.0333 -0.0401 0.2111
v 1.0333 0.0334 0.2758
v 1.1500 0.1200 0.0130
v 1.1500 0.1246 0.0120
v 1.1500 0.1285 0.0092
v 1.1500 0.1311 0.0050
v 1.1500 0.1320 0.0000
v 1.1500 0.1311 -0.0050
v 1.1500 0.1285 -0.0092
v 1.1500 0.1246 -0.0120
v 1.1500 0.1200 -0.0130
v 1.1500 0.1162 -0.0120
v 1.1500 0.1130 -0.0092
v 1.1500 0.1109 -0.0050
v 1.1500 0.1102 -0.0000
v 1.1500 0.1109 0.0050
v 1.1500 0.1130 0.0092
v 1.1500 0.1162 0.0120
v -1.3000 0.1800 0.0756
v -1.3000 0.2068 0.0698
v -1.3000 0.2295 0.0535
v -1.3000 0.2447 0.0289
v -1.3000 0.2500 0.0000
v -1.3000 0.2447 -0.0289
v -1.3000 0.2295 -0.0535
v -1.3000 0.2068 -0.0698
v -1.3000 0.1800 -0.0756
v -1.3000 0.1580 -0.0698
v -1.3000 0.1394 -0.0535
v -1.3000 0.1270 -0.0289
v -1.3000 0.1226 -0.0000
v -1.3000 0.1270 0.0289
v -1.3000 0.1394 0.0535
v -1.3000 0.1580 0.0698
v 1.1500 0.1200 0.0130
v 1.1500 0.1246 0.0120
v 1.1500 0.1285 0.0092
v 1.1500 0.1311 0.0050
v 1.1500 0.1320 0.0000
v 1.1500 0.1311 -0.0050
v 1.1500 0.1285 -0.0092
v 1.1500 0.1246 -0.0120
v 1.1500 0.1200 -0.0130
v 1.1500 0.1162 -0.0120
v 1.1500 0.1130 -0.0092
v 1.1500 0.1109 -0.0050
v 1.1500 0.1102 -0.0000
v 1.1500 0.1109 0.0050
v 1.1500 0.1130 0.0092
v 1.1500 0.1162 0.0120
v -1.2500 0.2000 0.0000
v -1.6800 0.3800 0.5600
v -1.5000 0.3000 0.1600
v -1.7000 0.3800 0.0500
v -1.2500 0.2000 0.0000
v -1.6800 0.3800 -0.5600
v -1.5000 0.3000 -0.1600
v -1.7000 0.3800 -0.0500
v 0.3600 0.0600 0.5000
v 0.0800 0.0600 0.5200
v -0.0200 0.1000 0.8200
v 0.3600 0.0600 -0.5000
v 0.0800 0.0600 -0.5200
v -0.0200 0.1000 -0.8200
v 0.6600 0.2200 0.4000
v 0.6600 0.2200 0.4600
v 0.6600 0.3400 0.4000
v 0.6600 0.3400 0.4600
v 0.7800 0.2200 0.4000
v 0.7800 0.2200 0.4600
v 0.7800 0.3400 0.4000
v 0.7800 0.3400 0.4600
v 0.7200 0.2800 0.4430
v 0.7200 0.2800 0.4670
v 0.7200 0.3300 0.4430
v 0.7200 0.3300 0.4670
v 0.7700 0.2800 0.4430
v 0.7700 0.2800 0.4670
v 0.7700 0.3300 0.4430
v 0.7700 0.3300 0.4670
v 0.8000 0.1200 0.3400
v 0.8000 0.1200 0.4000
v 0.8000 0.1900 0.3400
v 0.8000 0.1900 0.4000
v 0.9400 0.1200 0.3400
v 0.9400 0.1200 0.4000
v 0.9400 0.1900 0.3400
v 0.9400 0.1900 0.4000
v 0.6600 0.2200 -0.4600
v 0.6600 0.2200 -0.4000
v 0.6600 0.3400 -0.4600
v 0.6600 0.3400 -0.4000
v 0.7800 0.2200 -0.4600
v 0.7800 0.2200 -0.4000
v 0.7800 0.3400 -0.4600
v 0.7800 0.3400 -0.4000
v 0.7200 0.2800 -0.4670
v 0.7200 0.2800 -0.4430
v 0.7200 0.3300 -0.4670
v 0.7200 0.3300 -0.4430
v 0.7700 0.2800 -0.4670
v 0.7700 0.2800 -0.4430
v 0.7700 0.3300 -0.4670
v 0.7700 0.3300 -0.4430
v 0.8000 0.1200 -0.4000
v 0.8000 0.1200 -0.3400
v 0.8000 0.1900 -0.4000
v 0.8000 0.1900 -0.3400
v 0.9400 0.1200 -0.4000
v 0.9400 0.1200 -0.3400
v 0.9400 0.1900 -0.4000
v 0.9400 0.1900 -0.3400
usemtl back
f 17 18 2 1
f 18 19 3 2
f 19 20 4 3
f 20 21 5 4
f 21 22 6 5
f 22 23 7 6
f 23 24 8 7
f 24 25 9 8
f 25 26 10 9
f 26 27 11 10
f 27 28 12 11
f 28 29 13 12
f 29 30 14 13
f 30 31 15 14
f 31 32 16 15
f 32 17 1 16
f 33 34 18 17
f 34 35 19 18
f 35 36 20 19
f 36 37 21 20
f 37 38 22 21
f 38 39 23 22
f 39 40 24 23
f 40 41 25 24
f 41 42 26 25
f 42 43 27 26
f 43 44 28 27
f 44 45 29 28
f 45 46 30 29
f 46 47 31 30
f 47 48 32 31
f 48 33 17 32
f 49 50 34 33
f 50 51 35 34
f 51 52 36 35
f 52 53 37 36
f 53 54 38 37
f 54 55 39 38
f 55 56 40 39
f 56 57 41 40
f 57 58 42 41
f 58 59 43 42
f 59 60 44 43
f 60 61 45 44
f 61 62 46 45
f 62 63 47 46
f 63 64 48 47
f 64 49 33 48
f 113 114 98 97
f 114 115 99 98
f 115 116 100 99
f 116 117 101 100
f 117 118 102 101
f 118 119 103 102
f 119 120 104 103
f 120 121 105 104
f 121 122 106 105
f 128 113 97 112
f 129 130 114 113
f 130 131 115 114
f 131 132 116 115
f 132 133 117 116
f 133 134 118 117
f 134 135 119 118
f 135 136 120 119
f 136 137 121 120
f 137 138 122 121
f 144 129 113 128
f 145 146 130 129
f 146 147 131 130
f 147 148 132 131
f 148 149 133 132
f 149 150 134 133
f 150 151 135 134
f 151 152 136 135
f 152 153 137 136
f 153 154 138 137
f 160 145 129 144
f 209 210 194 193
f 210 211 195 194
f 211 212 196 195
f 212 213 197 196
f 213 214 198 197
f 214 215 199 198
f 215 216 200 199
f 216 217 201 200
f 217 218 202 201
f 224 209 193 208
f 225 226 210 209
f 226 227 211 210
f 227 228 212 211
f 228 229 213 212
f 229 230 214 213
f 230 231 215 214
f 231 232 216 215
f 232 233 217 216
f 233 234 218 217
f 240 225 209 224
f 241 242 226 225
f 242 243 227 226
f 243 244 228 227
f 244 245 229 228
f 245 246 230 229
f 246 247 231 230
f 247 248 232 231
f 248 249 233 232
f 249 250 234 233
f 256 241 225 240
f 305 306 290 289
f 306 307 291 290
f 307 308 292 291
f 308 309 293 292
f 309 310 294 293
f 310 311 295 294
f 311 312 296 295
f 312 313 297 296
f 321 322 306 305
f 322 323 307 306
f 323 324 308 307
f 324 325 309 308
f 325 326 310 309
f 326 327 311 310
f 327 328 312 311
f 328 329 313 312
f 337 338 322 321
f 338 339 323 322
f 339 340 324 323
f 340 341 325 324
f 341 342 326 325
f 342 343 327 326
f 343 344 328 327
f 344 345 329 328
usemtl back2
f 417 418 402 401
f 418 419 403 402
f 419 420 404 403
f 420 421 405 404
f 421 422 406 405
f 422 423 407 406
f 423 424 408 407
f 424 425 409 408
f 425 426 410 409
f 426 427 411 410
f 427 428 412 411
f 428 429 413 412
f 429 430 414 413
f 430 431 415 414
f 431 432 416 415
f 432 417 401 416
f 433 434 418 417
f 434 435 419 418
f 435 436 420 419
f 436 437 421 420
f 437 438 422 421
f 438 439 423 422
f 439 440 424 423
f 440 441 425 424
f 441 442 426 425
f 442 443 427 426
f 443 444 428 427
f 444 445 429 428
f 445 446 430 429
f 446 447 431 430
f 447 448 432 431
f 448 433 417 432
f 449 450 434 433
f 450 451 435 434
f 451 452 436 435
f 452 453 437 436
f 453 454 438 437
f 454 455 439 438
f 455 456 440 439
f 456 457 441 440
f 457 458 442 441
f 458 459 443 442
f 459 460 444 443
f 460 461 445 444
f 461 462 446 445
f 462 463 447 446
f 463 464 448 447
f 464 449 433 448
f 513 514 498 497
f 514 515 499 498
f 515 516 500 499
f 516 517 501 500
f 517 518 502 501
f 518 519 503 502
f 519 520 504 503
f 520 521 505 504
f 521 522 506 505
f 528 513 497 512
f 529 530 514 513
f 530 531 515 514
f 531 532 516 515
f 532 533 517 516
f 533 534 518 517
f 534 535 519 518
f 535 536 520 519
f 536 537 521 520
f 537 538 522 521
f 544 529 513 528
f 545 546 530 529
f 546 547 531 530
f 547 548 532 531
f 548 549 533 532
f 549 550 534 533
f 550 551 535 534
f 551 552 536 535
f 552 553 537 536
f 553 554 538 537
f 560 545 529 544
f 609 610 594 593
f 610 611 595 594
f 611 612 596 595
f 612 613 597 596
f 613 614 598 597
f 614 615 599 598
f 615 616 600 599
f 616 617 601 600
f 625 626 610 609
f 626 627 611 610
f 627 628 612 611
f 628 629 613 612
f 629 630 614 613
f 630 631 615 614
f 631 632 616 615
f 632 633 617 616
f 641 642 626 625
f 642 643 627 626
f 643 644 628 627
f 644 645 629 628
f 645 646 630 629
f 646 647 631 630
f 647 648 632 631
f 648 649 633 632
usemtl belly
f 826 827 811 810
f 828 829 813 812
f 830 831 815 814
f 842 843 827 826
f 844 845 829 828
f 846 847 831 830
f 858 859 843 842
f 860 861 845 844
f 862 863 847 846
f 874 875 859 858
f 876 877 861 860
f 878 879 863 862
f 890 891 875 874
f 892 893 877 876
f 894 895 879 878
f 906 907 891 890
f 908 909 893 892
f 910 911 895 894
f 922 923 907 906
f 924 925 909 908
f 926 927 911 910
f 938 939 923 922
f 940 941 925 924
f 942 943 927 926
f 954 955 939 938
f 956 957 941 940
f 958 959 943 942
f 970 971 955 954
f 972 973 957 956
f 974 975 959 958
f 986 987 971 970
f 988 989 973 972
f 990 991 975 974
f 1002 1003 987 986
f 1004 1005 989 988
f 1006 1007 991 990
f 1018 1019 1003 1002
f 1020 1021 1005 1004
f 1022 1023 1007 1006
f 1034 1035 1019 1018
f 1036 1037 1021 1020
f 1038 1039 1023 1022
f 1050 1051 1035 1034
f 1052 1053 1037 1036
f 1054 1055 1039 1038
usemtl groove
f 1179 1180 1164 1163
f 1181 1182 1166 1165
f 1183 1184 1168 1167
f 1195 1196 1180 1179
f 1197 1198 1182 1181
f 1199 1200 1184 1183
f 1211 1212 1196 1195
f 1213 1214 1198 1197
f 1215 1216 1200 1199
f 1227 1228 1212 1211
f 1229 1230 1214 1213
f 1231 1232 1216 1215
f 1243 1244 1228 1227
f 1245 1246 1230 1229
f 1247 1248 1232 1231
f 1259 1260 1244 1243
f 1261 1262 1246 1245
f 1263 1264 1248 1247
f 1275 1276 1260 1259
f 1277 1278 1262 1261
f 1279 1280 1264 1263
f 1291 1292 1276 1275
f 1293 1294 1278 1277
f 1295 1296 1280 1279
f 1307 1308 1292 1291
f 1309 1310 1294 1293
f 1311 1312 1296 1295
f 1323 1324 1308 1307
f 1325 1326 1310 1309
f 1327 1328 1312 1311
f 1339 1340 1324 1323
f 1341 1342 1326 1325
f 1343 1344 1328 1327
f 1355 1356 1340 1339
f 1357 1358 1342 1341
f 1359 1360 1344 1343
f 1371 1372 1356 1355
f 1373 1374 1358 1357
f 1375 1376 1360 1359
f 1387 1388 1372 1371
f 1389 1390 1374 1373
f 1391 1392 1376 1375
f 1403 1404 1388 1387
f 1405 1406 1390 1389
f 1407 1408 1392 1391
usemtl mouth
f 1673 1674 1658 1657
f 1680 1665 1649 1664
f 1689 1690 1674 1673
f 1696 1681 1665 1680
f 1705 1706 1690 1689
f 1712 1697 1681 1696
f 1721 1722 1706 1705
f 1728 1713 1697 1712
f 1737 1738 1722 1721
f 1744 1729 1713 1728
f 1753 1754 1738 1737
f 1760 1745 1729 1744
usemtl back
f 1761 1762 1763 1764 1765 1766 1767 1768 1769 1770 1771 1772 1773 1774 1775 1776
f 1792 1791 1790 1789 1788 1787 1786 1785 1784 1783 1782 1781 1780 1779 1778 1777
usemtl fin
f 1793 1794 1795
f 1793 1795 1796
f 1797 1798 1799
f 1797 1799 1800
f 1801 1802 1803
f 1804 1805 1806
usemtl eye
f 1808 1810 1809 1807
f 1811 1813 1814 1812
f 1810 1814 1813 1809
f 1809 1813 1811 1807
f 1808 1812 1814 1810
f 1807 1811 1812 1808
usemtl shine
f 1816 1818 1817 1815
f 1819 1821 1822 1820
f 1818 1822 1821 1817
f 1817 1821 1819 1815
f 1816 1820 1822 1818
f 1815 1819 1820 1816
usemtl cheek
f 1824 1826 1825 1823
f 1827 1829 1830 1828
f 1826 1830 1829 1825
f 1825 1829 1827 1823
f 1824 1828 1830 1826
f 1823 1827 1828 1824
usemtl eye
f 1832 1834 1833 1831
f 1835 1837 1838 1836
f 1834 1838 1837 1833
f 1833 1837 1835 1831
f 1832 1836 1838 1834
f 1831 1835 1836 1832
usemtl shine
f 1840 1842 1841 1839
f 1843 1845 1846 1844
f 1842 1846 1845 1841
f 1841 1845 1843 1839
f 1840 1844 1846 1842
f 1839 1843 1844 1840
usemtl cheek
f 1848 1850 1849 1847
f 1851 1853 1854 1852
f 1850 1854 1853 1849
f 1849 1853 1851 1847
f 1848 1852 1854 1850
f 1847 1851 1852 1848
