# Conveyor Chef - Steamship (low-poly, OBJ format; rename to .obj to open in Blender)
# X = bow, Y = up, Z = port. "#color" lines give each material its colour (r g b, 0-255).
#color rail 250 250 250
#color hull 40 70 140
#color bottom 196 50 50
#color deck 214 170 110
#color cabin 252 250 244
#color roof 214 60 52
#color window 60 120 190
#color funnel 226 58 48
#color funneltop 40 40 48
#color mast 110 70 40
#color stripe 245 200 60
#smoke -0.1200 1.5000 0.0000
o Steamship
v -1.1000 0.3200 0.3485
v -1.1000 0.2500 0.3450
v -1.1000 0.0450 0.3067
v -1.1000 -0.1800 0.1568
v -1.1000 -0.1800 -0.1568
v -1.1000 0.0450 -0.3067
v -1.1000 0.2500 -0.3450
v -1.1000 0.3200 -0.3485
v -0.8800 0.3146 0.3605
v -0.8800 0.2450 0.3569
v -0.8800 0.0426 0.3172
v -0.8800 -0.1800 0.1622
v -0.8800 -0.1800 -0.1622
v -0.8800 0.0426 -0.3172
v -0.8800 0.2450 -0.3569
v -0.8800 0.3146 -0.3605
v -0.6600 0.3102 0.3720
v -0.6600 0.2409 0.3683
v -0.6600 0.0406 0.3274
v -0.6600 -0.1800 0.1674
v -0.6600 -0.1800 -0.1674
v -0.6600 0.0406 -0.3274
v -0.6600 0.2409 -0.3683
v -0.6600 0.3102 -0.3720
v -0.4400 0.3069 0.3827
v -0.4400 0.2378 0.3788
v -0.4400 0.0391 0.3367
v -0.4400 -0.1800 0.1722
v -0.4400 -0.1800 -0.1722
v -0.4400 0.0391 -0.3367
v -0.4400 0.2378 -0.3788
v -0.4400 0.3069 -0.3827
v -0.2200 0.3043 0.3920
v -0.2200 0.2354 0.3881
v -0.2200 0.0379 0.3449
v -0.2200 -0.1800 0.1764
v -0.2200 -0.1800 -0.1764
v -0.2200 0.0379 -0.3449
v -0.2200 0.2354 -0.3881
v -0.2200 0.3043 -0.3920
v 0.0000 0.3025 0.3996
v 0.0000 0.2337 0.3956
v 0.0000 0.0371 0.3517
v 0.0000 -0.1800 0.1798
v 0.0000 -0.1800 -0.1798
v 0.0000 0.0371 -0.3517
v 0.0000 0.2337 -0.3956
v 0.0000 0.3025 -0.3996
v 0.2200 0.3028 0.4100
v 0.2200 0.2340 0.4059
v 0.2200 0.0373 0.3608
v 0.2200 -0.1800 0.1845
v 0.2200 -0.1800 -0.1845
v 0.2200 0.0373 -0.3608
v 0.2200 0.2340 -0.4059
v 0.2200 0.3028 -0.4100
v 0.4400 0.3140 0.3848
v 0.4400 0.2445 0.3810
v 0.4400 0.0423 0.3387
v 0.4400 -0.1800 0.1732
v 0.4400 -0.1800 -0.1732
v 0.4400 0.0423 -0.3387
v 0.4400 0.2445 -0.3810
v 0.4400 0.3140 -0.3848
v 0.6600 0.3377 0.3107
v 0.6600 0.2701 0.3076
v 0.6600 0.0820 0.2734
v 0.6600 -0.1272 0.1398
v 0.6600 -0.1272 -0.1398
v 0.6600 0.0820 -0.2734
v 0.6600 0.2701 -0.3076
v 0.6600 0.3377 -0.3107
v 0.8800 0.3735 0.1901
v 0.8800 0.3109 0.1882
v 0.8800 0.1562 0.1673
v 0.8800 -0.0216 0.0856
v 0.8800 -0.0216 -0.0856
v 0.8800 0.1562 -0.1673
v 0.8800 0.3109 -0.1882
v 0.8800 0.3735 -0.1901
v 1.1000 0.4215 0.0000
v 1.1000 0.3629 0.0000
v 1.1000 0.2359 0.0000
v 1.1000 0.0840 0.0000
v 1.1000 0.0840 -0.0000
v 1.1000 0.2359 -0.0000
v 1.1000 0.3629 -0.0000
v 1.1000 0.4215 -0.0000
v -1.1000 0.3200 0.3485
v -1.1000 0.2500 0.3450
v -1.1000 0.0450 0.3067
v -1.1000 -0.1800 0.1568
v -1.1000 -0.1800 -0.1568
v -1.1000 0.0450 -0.3067
v -1.1000 0.2500 -0.3450
v -1.1000 0.3200 -0.3485
v -0.8800 0.3146 0.3605
v -0.8800 0.2450 0.3569
v -0.8800 0.0426 0.3172
v -0.8800 -0.1800 0.1622
v -0.8800 -0.1800 -0.1622
v -0.8800 0.0426 -0.3172
v -0.8800 0.2450 -0.3569
v -0.8800 0.3146 -0.3605
v -0.6600 0.3102 0.3720
v -0.6600 0.2409 0.3683
v -0.6600 0.0406 0.3274
v -0.6600 -0.1800 0.1674
v -0.6600 -0.1800 -0.1674
v -0.6600 0.0406 -0.3274
v -0.6600 0.2409 -0.3683
v -0.6600 0.3102 -0.3720
v -0.4400 0.3069 0.3827
v -0.4400 0.2378 0.3788
v -0.4400 0.0391 0.3367
v -0.4400 -0.1800 0.1722
v -0.4400 -0.1800 -0.1722
v -0.4400 0.0391 -0.3367
v -0.4400 0.2378 -0.3788
v -0.4400 0.3069 -0.3827
v -0.2200 0.3043 0.3920
v -0.2200 0.2354 0.3881
v -0.2200 0.0379 0.3449
v -0.2200 -0.1800 0.1764
v -0.2200 -0.1800 -0.1764
v -0.2200 0.0379 -0.3449
v -0.2200 0.2354 -0.3881
v -0.2200 0.3043 -0.3920
v 0.0000 0.3025 0.3996
v 0.0000 0.2337 0.3956
v 0.0000 0.0371 0.3517
v 0.0000 -0.1800 0.1798
v 0.0000 -0.1800 -0.1798
v 0.0000 0.0371 -0.3517
v 0.0000 0.2337 -0.3956
v 0.0000 0.3025 -0.3996
v 0.2200 0.3028 0.4100
v 0.2200 0.2340 0.4059
v 0.2200 0.0373 0.3608
v 0.2200 -0.1800 0.1845
v 0.2200 -0.1800 -0.1845
v 0.2200 0.0373 -0.3608
v 0.2200 0.2340 -0.4059
v 0.2200 0.3028 -0.4100
v 0.4400 0.3140 0.3848
v 0.4400 0.2445 0.3810
v 0.4400 0.0423 0.3387
v 0.4400 -0.1800 0.1732
v 0.4400 -0.1800 -0.1732
v 0.4400 0.0423 -0.3387
v 0.4400 0.2445 -0.3810
v 0.4400 0.3140 -0.3848
v 0.6600 0.3377 0.3107
v 0.6600 0.2701 0.3076
v 0.6600 0.0820 0.2734
v 0.6600 -0.1272 0.1398
v 0.6600 -0.1272 -0.1398
v 0.6600 0.0820 -0.2734
v 0.6600 0.2701 -0.3076
v 0.6600 0.3377 -0.3107
v 0.8800 0.3735 0.1901
v 0.8800 0.3109 0.1882
v 0.8800 0.1562 0.1673
v 0.8800 -0.0216 0.0856
v 0.8800 -0.0216 -0.0856
v 0.8800 0.1562 -0.1673
v 0.8800 0.3109 -0.1882
v 0.8800 0.3735 -0.1901
v 1.1000 0.4215 0.0000
v 1.1000 0.3629 0.0000
v 1.1000 0.2359 0.0000
v 1.1000 0.0840 0.0000
v 1.1000 0.0840 -0.0000
v 1.1000 0.2359 -0.0000
v 1.1000 0.3629 -0.0000
v 1.1000 0.4215 -0.0000
v -1.1000 0.3200 0.3485
v -1.1000 0.2500 0.3450
v -1.1000 0.0450 0.3067
v -1.1000 -0.1800 0.1568
v -1.1000 -0.1800 -0.1568
v -1.1000 0.0450 -0.3067
v -1.1000 0.2500 -0.3450
v -1.1000 0.3200 -0.3485
v -0.8800 0.3146 0.3605
v -0.8800 0.2450 0.3569
v -0.8800 0.0426 0.3172
v -0.8800 -0.1800 0.1622
v -0.8800 -0.1800 -0.1622
v -0.8800 0.0426 -0.3172
v -0.8800 0.2450 -0.3569
v -0.8800 0.3146 -0.3605
v -0.6600 0.3102 0.3720
v -0.6600 0.2409 0.3683
v -0.6600 0.0406 0.3274
v -0.6600 -0.1800 0.1674
v -0.6600 -0.1800 -0.1674
v -0.6600 0.0406 -0.3274
v -0.6600 0.2409 -0.3683
v -0.6600 0.3102 -0.3720
v -0.4400 0.3069 0.3827
v -0.4400 0.2378 0.3788
v -0.4400 0.0391 0.3367
v -0.4400 -0.1800 0.1722
v -0.4400 -0.1800 -0.1722
v -0.4400 0.0391 -0.3367
v -0.4400 0.2378 -0.3788
v -0.4400 0.3069 -0.3827
v -0.2200 0.3043 0.3920
v -0.2200 0.2354 0.3881
v -0.2200 0.0379 0.3449
v -0.2200 -0.1800 0.1764
v -0.2200 -0.1800 -0.1764
v -0.2200 0.0379 -0.3449
v -0.2200 0.2354 -0.3881
v -0.2200 0.3043 -0.3920
v 0.0000 0.3025 0.3996
v 0.0000 0.2337 0.3956
v 0.0000 0.0371 0.3517
v 0.0000 -0.1800 0.1798
v 0.0000 -0.1800 -0.1798
v 0.0000 0.0371 -0.3517
v 0.0000 0.2337 -0.3956
v 0.0000 0.3025 -0.3996
v 0.2200 0.3028 0.4100
v 0.2200 0.2340 0.4059
v 0.2200 0.0373 0.3608
v 0.2200 -0.1800 0.1845
v 0.2200 -0.1800 -0.1845
v 0.2200 0.0373 -0.3608
v 0.2200 0.2340 -0.4059
v 0.2200 0.3028 -0.4100
v 0.4400 0.3140 0.3848
v 0.4400 0.2445 0.3810
v 0.4400 0.0423 0.3387
v 0.4400 -0.1800 0.1732
v 0.4400 -0.1800 -0.1732
v 0.4400 0.0423 -0.3387
v 0.4400 0.2445 -0.3810
v 0.4400 0.3140 -0.3848
v 0.6600 0.3377 0.3107
v 0.6600 0.2701 0.3076
v 0.6600 0.0820 0.2734
v 0.6600 -0.1272 0.1398
v 0.6600 -0.1272 -0.1398
v 0.6600 0.0820 -0.2734
v 0.6600 0.2701 -0.3076
v 0.6600 0.3377 -0.3107
v 0.8800 0.3735 0.1901
v 0.8800 0.3109 0.1882
v 0.8800 0.1562 0.1673
v 0.8800 -0.0216 0.0856
v 0.8800 -0.0216 -0.0856
v 0.8800 0.1562 -0.1673
v 0.8800 0.3109 -0.1882
v 0.8800 0.3735 -0.1901
v 1.1000 0.4215 0.0000
v 1.1000 0.3629 0.0000
v 1.1000 0.2359 0.0000
v 1.1000 0.0840 0.0000
v 1.1000 0.0840 -0.0000
v 1.1000 0.2359 -0.0000
v 1.1000 0.3629 -0.0000
v 1.1000 0.4215 -0.0000
v -1.1000 0.3200 0.3485
v -1.1000 0.2500 0.3450
v -1.1000 0.0450 0.3067
v -1.1000 -0.1800 0.1568
v -1.1000 -0.1800 -0.1568
v -1.1000 0.0450 -0.3067
v -1.1000 0.2500 -0.3450
v -1.1000 0.3200 -0.3485
v -1.1000 0.2700 0.2985
v -1.1000 0.2700 -0.2985
v -0.8800 0.2646 0.3105
v -0.8800 0.2646 -0.3105
v -0.6600 0.2602 0.3220
v -0.6600 0.2602 -0.3220
v -0.4400 0.2569 0.3327
v -0.4400 0.2569 -0.3327
v -0.2200 0.2543 0.3420
v -0.2200 0.2543 -0.3420
v 0.0000 0.2525 0.3496
v 0.0000 0.2525 -0.3496
v 0.2200 0.2528 0.3600
v 0.2200 0.2528 -0.3600
v 0.4400 0.2640 0.3348
v 0.4400 0.2640 -0.3348
v 0.6600 0.2877 0.2607
v 0.6600 0.2877 -0.2607
v 0.8800 0.3235 0.1401
v 0.8800 0.3235 -0.1401
v 1.1000 0.3715 0.0000
v 1.1000 0.3715 -0.0000
v -1.1000 0.3200 0.3485
v -1.1000 0.2700 0.2985
v -0.8800 0.3146 0.3605
v -0.8800 0.2646 0.3105
v -0.6600 0.3102 0.3720
v -0.6600 0.2602 0.3220
v -0.4400 0.3069 0.3827
v -0.4400 0.2569 0.3327
v -0.2200 0.3043 0.3920
v -0.2200 0.2543 0.3420
v 0.0000 0.3025 0.3996
v 0.0000 0.2525 0.3496
v 0.2200 0.3028 0.4100
v 0.2200 0.2528 0.3600
v 0.4400 0.3140 0.3848
v 0.4400 0.2640 0.3348
v 0.6600 0.3377 0.3107
v 0.6600 0.2877 0.2607
v 0.8800 0.3735 0.1901
v 0.8800 0.3235 0.1401
v 1.1000 0.4215 0.0000
v 1.1000 0.3715 0.0000
v -1.1000 0.3200 -0.3485
v -1.1000 0.2700 -0.2985
v -0.8800 0.3146 -0.3605
v -0.8800 0.2646 -0.3105
v -0.6600 0.3102 -0.3720
v -0.6600 0.2602 -0.3220
v -0.4400 0.3069 -0.3827
v -0.4400 0.2569 -0.3327
v -0.2200 0.3043 -0.3920
v -0.2200 0.2543 -0.3420
v 0.0000 0.3025 -0.3996
v 0.0000 0.2525 -0.3496
v 0.2200 0.3028 -0.4100
v 0.2200 0.2528 -0.3600
v 0.4400 0.3140 -0.3848
v 0.4400 0.2640 -0.3348
v 0.6600 0.3377 -0.3107
v 0.6600 0.2877 -0.2607
v 0.8800 0.3735 -0.1901
v 0.8800 0.3235 -0.1401
v 1.1000 0.4215 -0.0000
v 1.1000 0.3715 -0.0000
v -0.7500 0.2700 -0.3000
v -0.7500 0.2700 0.3000
v -0.7500 0.6200 -0.3000
v -0.7500 0.6200 0.3000
v 0.3500 0.2700 -0.3000
v 0.3500 0.2700 0.3000
v 0.3500 0.6200 -0.3000
v 0.3500 0.6200 0.3000
v -0.8000 0.6200 -0.3400
v -0.8000 0.6200 0.3400
v -0.8000 0.6700 -0.3400
v -0.8000 0.6700 0.3400
v 0.4000 0.6200 -0.3400
v 0.4000 0.6200 0.3400
v 0.4000 0.6700 -0.3400
v 0.4000 0.6700 0.3400
v -0.4500 0.6700 -0.2200
v -0.4500 0.6700 0.2200
v -0.4500 0.9000 -0.2200
v -0.4500 0.9000 0.2200
v 0.2000 0.6700 -0.2200
v 0.2000 0.6700 0.2200
v 0.2000 0.9000 -0.2200
v 0.2000 0.9000 0.2200
v -0.5000 0.9000 -0.2600
v -0.5000 0.9000 0.2600
v -0.5000 0.9500 -0.2600
v -0.5000 0.9500 0.2600
v 0.2500 0.9000 -0.2600
v 0.2500 0.9000 0.2600
v 0.2500 0.9500 -0.2600
v 0.2500 0.9500 0.2600
v -0.6600 0.4000 0.3000
v -0.6600 0.4000 0.3050
v -0.6600 0.5200 0.3000
v -0.6600 0.5200 0.3050
v -0.5400 0.4000 0.3000
v -0.5400 0.4000 0.3050
v -0.5400 0.5200 0.3000
v -0.5400 0.5200 0.3050
v -0.6600 0.4000 -0.3050
v -0.6600 0.4000 -0.3000
v -0.6600 0.5200 -0.3050
v -0.6600 0.5200 -0.3000
v -0.5400 0.4000 -0.3050
v -0.5400 0.4000 -0.3000
v -0.5400 0.5200 -0.3050
v -0.5400 0.5200 -0.3000
v -0.4100 0.4000 0.3000
v -0.4100 0.4000 0.3050
v -0.4100 0.5200 0.3000
v -0.4100 0.5200 0.3050
v -0.2900 0.4000 0.3000
v -0.2900 0.4000 0.3050
v -0.2900 0.5200 0.3000
v -0.2900 0.5200 0.3050
v -0.4100 0.4000 -0.3050
v -0.4100 0.4000 -0.3000
v -0.4100 0.5200 -0.3050
v -0.4100 0.5200 -0.3000
v -0.2900 0.4000 -0.3050
v -0.2900 0.4000 -0.3000
v -0.2900 0.5200 -0.3050
v -0.2900 0.5200 -0.3000
v -0.1600 0.4000 0.3000
v -0.1600 0.4000 0.3050
v -0.1600 0.5200 0.3000
v -0.1600 0.5200 0.3050
v -0.0400 0.4000 0.3000
v -0.0400 0.4000 0.3050
v -0.0400 0.5200 0.3000
v -0.0400 0.5200 0.3050
v -0.1600 0.4000 -0.3050
v -0.1600 0.4000 -0.3000
v -0.1600 0.5200 -0.3050
v -0.1600 0.5200 -0.3000
v -0.0400 0.4000 -0.3050
v -0.0400 0.4000 -0.3000
v -0.0400 0.5200 -0.3050
v -0.0400 0.5200 -0.3000
v 0.0900 0.4000 0.3000
v 0.0900 0.4000 0.3050
v 0.0900 0.5200 0.3000
v 0.0900 0.5200 0.3050
v 0.2100 0.4000 0.3000
v 0.2100 0.4000 0.3050
v 0.2100 0.5200 0.3000
v 0.2100 0.5200 0.3050
v 0.0900 0.4000 -0.3050
v 0.0900 0.4000 -0.3000
v 0.0900 0.5200 -0.3050
v 0.0900 0.5200 -0.3000
v 0.2100 0.4000 -0.3050
v 0.2100 0.4000 -0.3000
v 0.2100 0.5200 -0.3050
v 0.2100 0.5200 -0.3000
v -0.3500 0.7400 0.2200
v -0.3500 0.7400 0.2250
v -0.3500 0.8300 0.2200
v -0.3500 0.8300 0.2250
v -0.2500 0.7400 0.2200
v -0.2500 0.7400 0.2250
v -0.2500 0.8300 0.2200
v -0.2500 0.8300 0.2250
v -0.3500 0.7400 -0.2250
v -0.3500 0.7400 -0.2200
v -0.3500 0.8300 -0.2250
v -0.3500 0.8300 -0.2200
v -0.2500 0.7400 -0.2250
v -0.2500 0.7400 -0.2200
v -0.2500 0.8300 -0.2250
v -0.2500 0.8300 -0.2200
v -0.1000 0.7400 0.2200
v -0.1000 0.7400 0.2250
v -0.1000 0.8300 0.2200
v -0.1000 0.8300 0.2250
v 0.0000 0.7400 0.2200
v 0.0000 0.7400 0.2250
v 0.0000 0.8300 0.2200
v 0.0000 0.8300 0.2250
v -0.1000 0.7400 -0.2250
v -0.1000 0.7400 -0.2200
v -0.1000 0.8300 -0.2250
v -0.1000 0.8300 -0.2200
v 0.0000 0.7400 -0.2250
v 0.0000 0.7400 -0.2200
v 0.0000 0.8300 -0.2250
v 0.0000 0.8300 -0.2200
v 0.0100 0.9500 0.0000
v -0.0148 0.9500 0.0764
v -0.0798 0.9500 0.1236
v -0.1602 0.9500 0.1236
v -0.2252 0.9500 0.0764
v -0.2500 0.9500 0.0000
v -0.2252 0.9500 -0.0764
v -0.1602 0.9500 -0.1236
v -0.0798 0.9500 -0.1236
v -0.0148 0.9500 -0.0764
v 0.0000 1.3500 0.0000
v -0.0229 1.3500 0.0705
v -0.0829 1.3500 0.1141
v -0.1571 1.3500 0.1141
v -0.2171 1.3500 0.0705
v -0.2400 1.3500 0.0000
v -0.2171 1.3500 -0.0705
v -0.1571 1.3500 -0.1141
v -0.0829 1.3500 -0.1141
v -0.0229 1.3500 -0.0705
v 0.0050 1.3500 0.0000
v -0.0189 1.3500 0.0735
v -0.0814 1.3500 0.1189
v -0.1586 1.3500 0.1189
v -0.2211 1.3500 0.0735
v -0.2450 1.3500 0.0000
v -0.2211 1.3500 -0.0735
v -0.1586 1.3500 -0.1189
v -0.0814 1.3500 -0.1189
v -0.0189 1.3500 -0.0735
v 0.0050 1.4500 0.0000
v -0.0189 1.4500 0.0735
v -0.0814 1.4500 0.1189
v -0.1586 1.4500 0.1189
v -0.2211 1.4500 0.0735
v -0.2450 1.4500 0.0000
v -0.2211 1.4500 -0.0735
v -0.1586 1.4500 -0.1189
v -0.0814 1.4500 -0.1189
v -0.0189 1.4500 -0.0735
v 0.5750 0.3000 0.0000
v 0.5577 0.3000 0.0238
v 0.5298 0.3000 0.0147
v 0.5298 0.3000 -0.0147
v 0.5577 0.3000 -0.0238
v 0.5700 1.1000 0.0000
v 0.5562 1.1000 0.0190
v 0.5338 1.1000 0.0118
v 0.5338 1.1000 -0.0118
v 0.5562 1.1000 -0.0190
usemtl stripe
f 1 2 10 9
f 7 8 16 15
f 9 10 18 17
f 15 16 24 23
f 17 18 26 25
f 23 24 32 31
f 25 26 34 33
f 31 32 40 39
f 33 34 42 41
f 39 40 48 47
f 41 42 50 49
f 47 48 56 55
f 49 50 58 57
f 55 56 64 63
f 57 58 66 65
f 63 64 72 71
f 65 66 74 73
f 71 72 80 79
f 73 74 82 81
f 79 80 88 87
usemtl hull
f 90 91 99 98
f 94 95 103 102
f 98 99 107 106
f 102 103 111 110
f 106 107 115 114
f 110 111 119 118
f 114 115 123 122
f 118 119 127 126
f 122 123 131 130
f 126 127 135 134
f 130 131 139 138
f 134 135 143 142
f 138 139 147 146
f 142 143 151 150
f 146 147 155 154
f 150 151 159 158
f 154 155 163 162
f 158 159 167 166
f 162 163 171 170
f 166 167 175 174
usemtl bottom
f 179 180 188 187
f 180 181 189 188
f 181 182 190 189
f 187 188 196 195
f 188 189 197 196
f 189 190 198 197
f 195 196 204 203
f 196 197 205 204
f 197 198 206 205
f 203 204 212 211
f 204 205 213 212
f 205 206 214 213
f 211 212 220 219
f 212 213 221 220
f 213 214 222 221
f 219 220 228 227
f 220 221 229 228
f 221 222 230 229
f 227 228 236 235
f 228 229 237 236
f 229 230 238 237
f 235 236 244 243
f 236 237 245 244
f 237 238 246 245
f 243 244 252 251
f 244 245 253 252
f 245 246 254 253
f 251 252 260 259
f 252 253 261 260
f 253 254 262 261
usemtl hull
f 272 271 270 269 268 267 266 265
usemtl deck
f 273 275 276 274
f 275 277 278 276
f 277 279 280 278
f 279 281 282 280
f 281 283 284 282
f 283 285 286 284
f 285 287 288 286
f 287 289 290 288
f 289 291 292 290
f 291 293 294 292
usemtl rail
f 295 297 298 296
f 297 299 300 298
f 299 301 302 300
f 301 303 304 302
f 303 305 306 304
f 305 307 308 306
f 307 309 310 308
f 309 311 312 310
f 311 313 314 312
f 313 315 316 314
f 318 320 319 317
f 320 322 321 319
f 322 324 323 321
f 324 326 325 323
f 326 328 327 325
f 328 330 329 327
f 330 332 331 329
f 332 334 333 331
f 334 336 335 333
f 336 338 337 335
usemtl cabin
f 340 342 341 339
f 343 345 346 344
f 342 346 345 341
f 341 345 343 339
f 340 344 346 342
usemtl roof
f 348 350 349 347
f 351 353 354 352
f 350 354 353 349
f 349 353 351 347
f 348 352 354 350
usemtl cabin
f 356 358 357 355
f 359 361 362 360
f 358 362 361 357
f 357 361 359 355
f 356 360 362 358
usemtl roof
f 364 366 365 363
f 367 369 370 368
f 366 370 369 365
f 365 369 367 363
f 364 368 370 366
usemtl window
f 372 374 373 371
f 375 377 378 376
f 374 378 377 373
f 373 377 375 371
f 372 376 378 374
f 380 382 381 379
f 383 385 386 384
f 382 386 385 381
f 381 385 383 379
f 380 384 386 382
f 388 390 389 387
f 391 393 394 392
f 390 394 393 389
f 389 393 391 387
f 388 392 394 390
f 396 398 397 395
f 399 401 402 400
f 398 402 401 397
f 397 401 399 395
f 396 400 402 398
f 404 406 405 403
f 407 409 410 408
f 406 410 409 405
f 405 409 407 403
f 404 408 410 406
f 412 414 413 411
f 415 417 418 416
f 414 418 417 413
f 413 417 415 411
f 412 416 418 414
f 420 422 421 419
f 423 425 426 424
f 422 426 425 421
f 421 425 423 419
f 420 424 426 422
f 428 430 429 427
f 431 433 434 432
f 430 434 433 429
f 429 433 431 427
f 428 432 434 430
f 436 438 437 435
f 439 441 442 440
f 438 442 441 437
f 437 441 439 435
f 436 440 442 438
f 444 446 445 443
f 447 449 450 448
f 446 450 449 445
f 445 449 447 443
f 444 448 450 446
f 452 454 453 451
f 455 457 458 456
f 454 458 457 453
f 453 457 455 451
f 452 456 458 454
f 460 462 461 459
f 463 465 466 464
f 462 466 465 461
f 461 465 463 459
f 460 464 466 462
usemtl funnel
f 477 478 468 467
f 478 479 469 468
f 479 480 470 469
f 480 481 471 470
f 481 482 472 471
f 482 483 473 472
f 483 484 474 473
f 484 485 475 474
f 485 486 476 475
f 486 477 467 476
usemtl funneltop
f 497 498 488 487
f 498 499 489 488
f 499 500 490 489
f 500 501 491 490
f 501 502 492 491
f 502 503 493 492
f 503 504 494 493
f 504 505 495 494
f 505 506 496 495
f 506 497 487 496
f 506 505 504 503 502 501 500 499 498 497
usemtl mast
f 512 513 508 507
f 513 514 509 508
f 514 515 510 509
f 515 516 511 510
f 516 512 507 511
f 516 515 514 513 512
